,X1,X2,X3,X4,X5,X6,X7,X8,X9,X10,X11,X12,X13,X14,X15,X16,X17,X18,X19,X20,X21,X22,X23,X24,X25,ps_score,factual,counter_factual,true_ITE,predicted_ITE,diff
0,0.1436590552330017,0.9963462352752686,-0.3608979880809784,0.16170252859592438,0.2460516393184662,-1.3546335697174072,0.0,1.0,0.0,1.0,0.0,0.0,0.0,1.0,0.0,1.0,0.0,1.0,0.0,1.0,0.0,0.0,0.0,0.0,0.0,0.006130437832325697,6.3073764820000005,0.8027139990000001,5.504662483000001,4.149626731872559,1.3550357818603516
1,-0.5480573177337646,-1.002474069595337,0.011464990675449371,-0.8796060085296631,1.8089816570281982,0.3015223741531372,0.0,0.0,1.0,0.0,0.0,1.0,0.0,2.0,0.0,1.0,1.0,1.0,0.0,0.0,0.0,0.0,0.0,0.0,1.0,0.3286455273628235,7.856637544,3.478763133,4.377874411,3.7626655101776123,0.6152088642120361
2,0.7272947430610657,-0.20294594764709473,-0.733260989189148,-0.8796060085296631,0.8087064623832703,1.1296002864837646,0.0,0.0,1.0,0.0,0.0,0.0,0.0,2.0,1.0,1.0,1.0,1.0,0.0,0.0,0.0,0.0,0.0,0.0,0.0,0.31841325759887695,5.50167739,4.237157052,1.2645203380000005,2.785235643386841,-1.520715355873108
3,0.013962230645120144,-0.6027100086212158,0.011464990675449371,0.16170252859592438,-2.442188024520874,0.3015223741531372,1.0,0.0,1.0,0.0,0.0,1.0,0.0,1.0,0.0,1.0,1.0,1.0,0.0,0.0,0.0,0.0,0.0,0.0,1.0,0.3365919589996338,7.954506553,1.191974244,6.762532309,5.277106285095215,1.4854259490966797
4,-0.05088618025183678,0.19681812822818756,1.5009169578552246,-0.8796060085296631,-1.754498839378357,1.1296002864837646,1.0,0.0,0.0,0.0,0.0,1.0,0.0,2.0,0.0,1.0,1.0,1.0,0.0,0.0,0.0,0.0,0.0,0.0,0.0,0.32631343603134155,5.65091291,4.974915197,0.6759977130000001,3.745117664337158,-3.069119930267334
5,0.9218400120735168,1.3961102962493896,0.011464990675449371,0.16170252859592438,0.058500032871961594,-0.36094000935554504,1.0,1.0,1.0,0.0,1.0,0.0,1.0,1.0,0.0,1.0,1.0,1.0,1.0,0.0,0.0,0.0,0.0,0.0,0.0,0.28078219294548035,5.467703534,1.9469242130000002,3.520779321,4.302778244018555,-0.781998872756958
6,0.4246688485145569,0.9963462352752686,-0.733260989189148,-0.8796060085296631,0.3085688352584839,-0.029708821326494217,1.0,0.0,1.0,1.0,0.0,0.0,0.0,2.0,0.0,1.0,0.0,1.0,0.0,0.0,0.0,0.0,0.0,1.0,0.0,0.2636473476886749,5.924359234,0.485943254,5.438415979999999,2.889665126800537,2.548750877380371
7,0.1868913322687149,0.19681812822818756,0.011464990675449371,-0.8796060085296631,-0.1915687769651413,0.9639847278594971,0.0,0.0,1.0,0.0,0.0,0.0,0.0,2.0,0.0,1.0,0.0,1.0,0.0,0.0,1.0,0.0,0.0,0.0,0.0,0.3367522954940796,6.029505475,0.42609908399999996,5.603406391,2.8909308910369873,2.712475538253784
8,1.3973950147628784,0.19681812822818756,-0.3608979880809784,0.16170252859592438,-1.1293268203735352,1.4608315229415894,1.0,0.0,1.0,0.0,0.0,0.0,0.0,1.0,0.0,1.0,1.0,1.0,0.0,0.0,0.0,0.0,0.0,0.0,1.0,0.33724120259284973,6.047718437,2.3671033130000003,3.680615124,3.9823479652404785,-0.30173277854919434
9,1.15961754322052,0.5965821743011475,-0.3608979880809784,-0.8796060085296631,0.4961204528808594,-0.526555597782135,0.0,0.0,1.0,0.0,1.0,0.0,0.0,2.0,0.0,1.0,1.0,1.0,0.0,0.0,0.0,0.0,0.0,0.0,0.0,0.2959803342819214,3.367979729,-0.38242682200000006,3.750406551,4.026915550231934,-0.27650904655456543
10,-0.5480573177337646,0.5965821743011475,1.5009169578552246,-0.8796060085296631,-1.1918439865112305,-0.8577867746353149,1.0,0.0,1.0,1.0,0.0,0.0,1.0,2.0,1.0,1.0,0.0,1.0,0.0,0.0,0.0,0.0,0.0,1.0,0.0,0.1498831957578659,6.417114586,1.820102696,4.59701189,3.961643934249878,0.6353681087493896
11,-0.7858348488807678,-0.20294594764709473,0.7561909556388855,-0.8796060085296631,0.12101723253726959,1.2952159643173218,0.0,0.0,1.0,0.0,0.0,0.0,0.0,2.0,1.0,1.0,1.0,1.0,0.0,0.0,1.0,0.0,0.0,0.0,0.0,0.3253844380378723,7.89522425,3.23080297,4.66442128,1.3980045318603516,3.266416549682617
12,-1.4559351205825806,-1.402238130569458,2.245642900466919,-0.8796060085296631,-3.3174288272857666,1.1296002864837646,0.0,0.0,1.0,0.0,0.0,0.0,1.0,2.0,0.0,1.0,1.0,1.0,0.0,0.0,0.0,0.0,0.0,0.0,0.0,0.33654195070266724,5.38790122,3.517318923,1.870582297,4.348206520080566,-2.4776241779327393
13,0.8786077499389648,0.9963462352752686,-0.733260989189148,1.2030110359191895,0.3085688352584839,0.3015223741531372,0.0,0.0,0.0,0.0,1.0,0.0,0.0,1.0,0.0,1.0,1.0,1.0,0.0,0.0,1.0,0.0,0.0,0.0,0.0,0.27050575613975525,5.926609217,1.528262157,4.398347060000001,7.022480010986328,-2.6241331100463867
14,0.3598204255104065,0.5965821743011475,0.38382798433303833,-0.8796060085296631,0.4961204528808594,1.2952159643173218,0.0,0.0,1.0,0.0,0.0,0.0,0.0,2.0,0.0,1.0,1.0,1.0,1.0,0.0,0.0,0.0,0.0,0.0,0.0,0.33029666543006897,6.295170225,4.680660837,1.614509388,3.098714590072632,-1.4842052459716797
15,0.013962230645120144,0.19681812822818756,0.38382798433303833,0.16170252859592438,-1.4419127702713013,-0.8577867746353149,1.0,0.0,0.0,0.0,1.0,0.0,0.0,1.0,0.0,1.0,0.0,1.0,0.0,0.0,0.0,0.0,0.0,0.0,1.0,0.32637467980384827,4.444956002,0.071371948,4.373584053999999,6.324881076812744,-1.9512968063354492
16,1.1812336444854736,0.9963462352752686,-0.3608979880809784,-0.8796060085296631,0.8712236881256104,-1.1890180110931396,1.0,0.0,0.0,1.0,0.0,0.0,1.0,2.0,0.0,1.0,0.0,1.0,1.0,0.0,0.0,0.0,0.0,0.0,0.0,0.3260384202003479,5.484478584,0.467886529,5.016592054999999,4.303926467895508,0.7126655578613281
17,1.3973950147628784,0.9963462352752686,-1.1056239604949951,-0.8796060085296631,0.3085688352584839,-1.0234023332595825,1.0,0.0,0.0,0.0,1.0,0.0,1.0,2.0,0.0,0.0,1.0,1.0,0.0,0.0,0.0,0.0,0.0,0.0,1.0,0.3373301327228546,4.771232342,-0.298508907,5.069741249,3.9964635372161865,1.0732777118682861
18,0.2409316748380661,0.5965821743011475,1.1285539865493774,0.16170252859592438,-0.1915687769651413,0.6327535510063171,1.0,1.0,0.0,1.0,0.0,0.0,0.0,1.0,0.0,1.0,1.0,1.0,0.0,1.0,0.0,0.0,0.0,0.0,0.0,0.006612522527575493,7.386637914,4.296653467,3.089984447,3.863553524017334,-0.7735691070556641
19,1.3973950147628784,1.3961102962493896,-1.4779869318008423,-0.8796060085296631,-0.4416375756263733,0.7983691692352295,1.0,0.0,1.0,0.0,1.0,0.0,0.0,2.0,0.0,1.0,1.0,1.0,0.0,0.0,0.0,0.0,0.0,0.0,1.0,0.33735987544059753,6.29186737,2.12824243,4.16362494,3.66672945022583,0.49689531326293945
20,-0.37512823939323425,-1.802002191543579,0.38382798433303833,-0.8796060085296631,-0.004017170052975416,0.4671379625797272,0.0,0.0,1.0,0.0,0.0,1.0,0.0,2.0,0.0,1.0,1.0,1.0,0.0,0.0,0.0,0.0,0.0,0.0,1.0,0.33502089977264404,7.41470256,1.481191566,5.933510994000001,4.499475002288818,1.4340357780456543
21,-0.5480573177337646,-0.20294594764709473,-0.3608979880809784,-0.8796060085296631,0.058500032871961594,-0.8577867746353149,1.0,0.0,0.0,1.0,0.0,0.0,0.0,2.0,0.0,1.0,1.0,1.0,0.0,0.0,0.0,0.0,0.0,0.0,0.0,0.17576062679290771,6.762640143,1.448663185,5.313976958,3.978637218475342,1.3353395462036133
22,0.8569915890693665,1.7958743572235107,0.011464990675449371,-0.8796060085296631,0.5586376786231995,0.3015223741531372,0.0,1.0,1.0,0.0,0.0,0.0,0.0,2.0,0.0,1.0,0.0,1.0,1.0,0.0,0.0,0.0,0.0,0.0,0.0,0.3085743486881256,7.834468929,2.7479859660000003,5.086482963,4.6566548347473145,0.4298281669616699
23,0.7705270648002625,0.5965821743011475,0.38382798433303833,-0.8796060085296631,-1.379395604133606,0.4671379625797272,0.0,0.0,1.0,0.0,0.0,0.0,0.0,2.0,0.0,1.0,1.0,1.0,0.0,0.0,0.0,0.0,0.0,0.0,0.0,0.3328034579753876,7.747586396,2.856067559,4.891518837,2.874838352203369,2.0166807174682617
24,-0.9155316948890686,0.19681812822818756,0.7561909556388855,-0.8796060085296631,0.5586376786231995,1.1296002864837646,1.0,0.0,0.0,1.0,0.0,0.0,0.0,2.0,0.0,1.0,1.0,1.0,0.0,0.0,0.0,0.0,0.0,0.0,0.0,0.25663337111473083,7.840511136,3.856242946,3.98426819,3.5908145904541016,0.39345359802246094
25,1.0947691202163696,0.5965821743011475,0.011464990675449371,-0.8796060085296631,-0.9417752027511597,0.6327535510063171,0.0,0.0,1.0,0.0,1.0,0.0,1.0,2.0,0.0,1.0,1.0,1.0,0.0,0.0,0.0,0.0,0.0,0.0,0.0,0.33688661456108093,4.884405191,2.035831332,2.848573859,2.7771615982055664,0.07141232490539551
26,-0.03791650012135506,0.5965821743011475,0.38382798433303833,0.16170252859592438,-3.567497730255127,-0.029708821326494217,0.0,0.0,1.0,0.0,0.0,0.0,0.0,1.0,0.0,1.0,1.0,1.0,1.0,0.0,0.0,0.0,0.0,0.0,0.0,0.32501694560050964,5.309168324,2.106966265,3.2022020589999998,4.699691295623779,-1.4974892139434814
27,0.2085074633359909,-0.20294594764709473,0.38382798433303833,0.16170252859592438,0.6211548447608948,1.9576783180236816,1.0,0.0,1.0,0.0,0.0,1.0,0.0,1.0,0.0,1.0,1.0,1.0,0.0,0.0,1.0,0.0,0.0,0.0,0.0,0.3301112651824951,2.73258385,7.384313718,4.651729867999999,4.010013580322266,0.641716480255127
28,1.0947691202163696,1.7958743572235107,-1.1056239604949951,0.16170252859592438,0.5586376786231995,0.4671379625797272,0.0,0.0,1.0,1.0,0.0,0.0,0.0,1.0,1.0,1.0,1.0,1.0,0.0,0.0,1.0,0.0,0.0,0.0,0.0,0.2801707983016968,3.323798842,6.868503157999999,3.5447043159999994,3.024475336074829,0.5202288627624512
29,0.4246688485145569,0.5965821743011475,-0.733260989189148,1.2030110359191895,1.4338785409927368,0.4671379625797272,1.0,0.0,0.0,1.0,0.0,0.0,1.0,1.0,0.0,1.0,1.0,1.0,1.0,0.0,0.0,0.0,0.0,0.0,0.0,0.27077531814575195,1.63805888,6.369189525,4.731130645,3.508866786956787,1.2222638130187988
30,0.07881063967943192,-0.20294594764709473,0.7561909556388855,-0.8796060085296631,0.2460516393184662,0.13590677082538605,0.0,0.0,1.0,0.0,1.0,0.0,0.0,2.0,0.0,1.0,1.0,1.0,0.0,1.0,0.0,0.0,0.0,0.0,0.0,0.056655775755643845,1.9359067840000002,6.822996926,4.887090142,3.3960471153259277,1.4910430908203125
31,-1.9531062841415405,-1.802002191543579,2.245642900466919,0.16170252859592438,-0.8792579770088196,0.9639847278594971,1.0,1.0,1.0,0.0,0.0,0.0,0.0,1.0,0.0,1.0,1.0,1.0,0.0,0.0,0.0,0.0,1.0,0.0,0.0,0.0061254543252289295,2.4941756369999997,7.50820426,5.014028623000001,1.494231939315796,3.51979660987854
32,-0.39674437046051025,-1.402238130569458,-0.3608979880809784,0.16170252859592438,0.5586376786231995,-0.8577867746353149,1.0,0.0,0.0,1.0,0.0,0.0,0.0,1.0,0.0,1.0,1.0,1.0,0.0,0.0,0.0,0.0,0.0,1.0,0.0,0.006568327080458403,2.250801081,6.209686176,3.958885095,3.273698091506958,0.6851871013641357
33,1.1163852214813232,0.19681812822818756,-1.1056239604949951,1.2030110359191895,0.5586376786231995,1.4608315229415894,1.0,0.0,1.0,0.0,0.0,0.0,0.0,1.0,0.0,1.0,1.0,1.0,0.0,0.0,1.0,0.0,0.0,0.0,0.0,0.3350471258163452,2.213303435,7.505039162999999,5.291735727999999,3.3349246978759766,1.9568109512329102
34,-0.31027984619140625,0.5965821743011475,-0.3608979880809784,0.16170252859592438,0.3710860311985016,0.13590677082538605,0.0,0.0,0.0,1.0,0.0,0.0,0.0,1.0,0.0,1.0,1.0,1.0,0.0,0.0,0.0,0.0,0.0,1.0,0.0,0.007786166854202747,2.8321232060000003,5.054418698,2.2222954919999998,3.9571564197540283,-1.734860897064209
35,-0.6993703246116638,-0.6027100086212158,-0.3608979880809784,-0.8796060085296631,0.7461892366409302,-1.5202491283416748,1.0,0.0,0.0,1.0,0.0,0.0,0.0,2.0,0.0,1.0,0.0,1.0,0.0,0.0,0.0,1.0,0.0,0.0,0.0,0.14918746054172516,-0.260075906,7.995685862999999,8.255761769,4.727299690246582,3.5284624099731445
36,-0.980380117893219,-0.6027100086212158,0.7561909556388855,-0.8796060085296631,1.1838096380233765,-0.36094000935554504,0.0,0.0,1.0,0.0,1.0,0.0,0.0,2.0,0.0,1.0,1.0,1.0,0.0,0.0,1.0,0.0,0.0,0.0,0.0,0.25057005882263184,2.6124733669999998,5.426678373,2.814205006,3.6173160076141357,-0.8031110763549805
37,0.2085074633359909,0.19681812822818756,-0.3608979880809784,-0.8796060085296631,0.9962580800056458,-1.3546335697174072,1.0,0.0,0.0,1.0,0.0,0.0,0.0,2.0,0.0,1.0,0.0,1.0,0.0,0.0,0.0,1.0,0.0,0.0,0.0,0.20024427771568298,2.2203857719999998,6.164386791,3.9440010190000003,4.803174018859863,-0.859173059463501
38,0.1868913322687149,0.5965821743011475,-0.733260989189148,2.244319438934326,1.4963957071304321,-1.1890180110931396,0.0,0.0,0.0,1.0,0.0,0.0,0.0,1.0,0.0,1.0,0.0,1.0,0.0,0.0,0.0,0.0,0.0,1.0,0.0,0.006159489508718252,3.06370113,6.632418125,3.568716995,5.559514045715332,-1.9907970428466797
39,0.8353754281997681,-0.13910187780857086,0.38382798433303833,-0.8796060085296631,-4.192669868469238,-1.5202491283416748,1.0,0.0,0.0,1.0,0.0,0.0,0.0,2.0,0.0,1.0,0.0,1.0,0.0,0.0,0.0,0.0,1.0,0.0,0.0,0.0802917405962944,2.70835092,5.388136835,2.679785915,5.022704124450684,-2.3429181575775146
40,-1.8666417598724365,-1.402238130569458,-0.3608979880809784,0.16170252859592438,0.7461892366409302,0.3015223741531372,0.0,0.0,0.0,1.0,0.0,0.0,1.0,1.0,0.0,1.0,1.0,1.0,0.0,0.0,0.0,1.0,0.0,0.0,0.0,0.16605393588542938,-0.247323808,5.976936652999999,6.224260460999999,5.270017623901367,0.9542427062988281
41,-0.612905740737915,-0.20294594764709473,0.7561909556388855,0.16170252859592438,-0.004017170052975416,-0.8577867746353149,0.0,0.0,1.0,0.0,1.0,0.0,0.0,1.0,0.0,1.0,1.0,1.0,1.0,0.0,0.0,0.0,0.0,0.0,0.0,0.025466402992606163,1.9339134740000001,4.705243629,2.771330155,5.052053928375244,-2.280723810195923
42,-0.11573459208011627,-0.6027100086212158,0.011464990675449371,-0.8796060085296631,0.5586376786231995,-1.5202491283416748,1.0,1.0,0.0,1.0,0.0,0.0,0.0,2.0,0.0,1.0,1.0,1.0,0.0,0.0,0.0,0.0,1.0,0.0,0.0,0.006042869761586189,2.184525986,6.43413664,4.249610654,4.680410861968994,-0.4308004379272461
43,0.9326480627059937,0.5965821743011475,-1.1056239604949951,-0.8796060085296631,-0.1915687769651413,-0.6921712160110474,1.0,0.0,0.0,1.0,0.0,0.0,1.0,2.0,1.0,1.0,0.0,1.0,0.0,1.0,0.0,0.0,0.0,0.0,0.0,0.26538971066474915,3.127704352,6.35882924,3.2311248880000005,5.359801292419434,-2.128676414489746
44,1.4838595390319824,0.9963462352752686,-0.3608979880809784,0.16170252859592438,-1.1918439865112305,-0.19532442092895508,1.0,0.0,1.0,0.0,1.0,0.0,1.0,1.0,1.0,1.0,0.0,1.0,1.0,0.0,0.0,0.0,0.0,0.0,0.0,0.33379513025283813,2.336874097,6.25688339,3.9200092929999997,3.1946346759796143,0.725374698638916
45,1.419011116027832,1.3961102962493896,-0.3608979880809784,0.16170252859592438,-0.3791203796863556,-0.6921712160110474,0.0,0.0,1.0,0.0,0.0,1.0,0.0,1.0,0.0,1.0,1.0,1.0,0.0,0.0,0.0,1.0,0.0,0.0,0.0,0.2432611733675003,3.7457373510000003,6.017198197999999,2.271460846999999,5.037552833557129,-2.76609206199646
46,-2.1908838748931885,-2.2017662525177,1.8732799291610718,-0.8796060085296631,0.5586376786231995,-1.0234023332595825,1.0,0.0,0.0,0.0,0.0,1.0,0.0,2.0,0.0,1.0,0.0,1.0,0.0,0.0,0.0,0.0,0.0,0.0,0.0,0.017954636365175247,1.180110568,6.669894555,5.489783987,4.744834899902344,0.7449488639831543
47,-2.298964500427246,-0.6636423468589783,2.245642900466919,-0.8796060085296631,-0.1915687769651413,0.9639847278594971,0.0,0.0,1.0,0.0,0.0,0.0,1.0,2.0,0.0,1.0,1.0,1.0,0.0,0.0,1.0,0.0,0.0,0.0,0.0,0.3339513838291168,1.267666902,5.184312515,3.916645613,4.685478210449219,-0.7688326835632324
48,1.3973950147628784,1.3961102962493896,-1.4779869318008423,0.16170252859592438,0.058500032871961594,0.9639847278594971,1.0,0.0,1.0,0.0,0.0,0.0,0.0,1.0,0.0,1.0,1.0,1.0,0.0,1.0,0.0,0.0,0.0,0.0,0.0,0.28848952054977417,3.020229018,5.57194112,2.5517121019999998,2.7946860790252686,-0.24297404289245605
49,-1.2613898515701294,-0.20294594764709473,2.245642900466919,-0.8796060085296631,-0.2540859878063202,0.6327535510063171,0.0,0.0,1.0,0.0,0.0,1.0,0.0,2.0,0.0,1.0,1.0,1.0,0.0,0.0,0.0,0.0,0.0,0.0,1.0,0.3285691738128662,3.793115732,5.483278597999999,1.6901628659999992,4.847160339355469,-3.1569974422454834
50,-0.28866368532180786,0.19681812822818756,-0.733260989189148,-0.8796060085296631,2.0590505599975586,-0.8577867746353149,1.0,0.0,0.0,1.0,0.0,0.0,1.0,2.0,1.0,1.0,1.0,1.0,0.0,0.0,0.0,0.0,0.0,0.0,1.0,0.3243989050388336,2.0556096719999997,6.797227177999999,4.741617505999999,5.060696601867676,-0.3190789222717285
51,-0.6777541637420654,-0.20294594764709473,-0.733260989189148,0.16170252859592438,-1.754498839378357,1.2952159643173218,1.0,1.0,1.0,0.0,0.0,0.0,0.0,1.0,0.0,1.0,1.0,1.0,0.0,0.0,1.0,0.0,0.0,0.0,0.0,0.3333466351032257,3.569252987,7.426776117999999,3.8575231309999993,3.2600045204162598,0.5975186824798584
52,-0.21084560453891754,-0.6027100086212158,0.7561909556388855,1.2030110359191895,0.6211548447608948,-0.526555597782135,1.0,0.0,0.0,0.0,1.0,0.0,1.0,1.0,0.0,1.0,1.0,1.0,0.0,0.0,1.0,0.0,0.0,0.0,0.0,0.23966771364212036,0.44918031,7.405340801,6.956160491,4.467068672180176,2.4890918731689453
53,-0.22381527721881866,-0.6027100086212158,-0.733260989189148,0.16170252859592438,0.3710860311985016,-1.0234023332595825,0.0,0.0,0.0,1.0,0.0,0.0,0.0,1.0,1.0,1.0,0.0,1.0,0.0,0.0,0.0,0.0,1.0,0.0,0.0,0.006021732464432716,0.9060732709999999,6.340128462999999,5.434055191999999,4.809992790222168,0.6240625381469727
54,0.8786077499389648,0.19681812822818756,-1.1056239604949951,2.244319438934326,0.4336032569408417,-0.19532442092895508,0.0,0.0,1.0,0.0,1.0,0.0,0.0,1.0,0.0,1.0,0.0,1.0,0.0,0.0,0.0,1.0,0.0,0.0,0.0,0.2446506768465042,-0.044151152,6.4700152,6.514166352,3.7394773960113525,2.774688959121704
55,-0.007653906941413879,-0.6027100086212158,-0.3608979880809784,0.16170252859592438,0.4336032569408417,-1.5202491283416748,1.0,0.0,1.0,1.0,0.0,0.0,0.0,1.0,0.0,1.0,0.0,1.0,0.0,0.0,0.0,0.0,0.0,1.0,0.0,0.00822225958108902,1.797997184,5.957573887000001,4.159576703000001,4.093142032623291,0.06643486022949219
56,0.9002238512039185,1.3961102962493896,-0.3608979880809784,2.244319438934326,-2.0045676231384277,0.6327535510063171,0.0,0.0,0.0,0.0,1.0,0.0,1.0,1.0,0.0,1.0,0.0,1.0,1.0,0.0,0.0,0.0,0.0,0.0,0.0,0.3344038128852844,3.5264717460000004,8.478666492,4.952194746,3.9936933517456055,0.9585013389587402
57,-1.8666417598724365,-1.402238130569458,0.011464990675449371,-0.8796060085296631,2.30911922454834,-0.8577867746353149,1.0,0.0,1.0,1.0,0.0,0.0,1.0,2.0,0.0,1.0,1.0,1.0,0.0,0.0,0.0,0.0,0.0,0.0,1.0,0.3285161256790161,0.858432138,6.363141217000001,5.504709079000001,4.492680072784424,1.0120291709899902
58,-0.43997666239738464,0.19681812822818756,0.011464990675449371,-0.8796060085296631,1.4963957071304321,0.13590677082538605,0.0,0.0,1.0,0.0,0.0,1.0,0.0,2.0,0.0,1.0,0.0,1.0,0.0,0.0,1.0,0.0,0.0,0.0,0.0,0.3241056203842163,1.090969716,7.098473147999999,6.007503431999999,4.340580463409424,1.6669230461120605
59,-1.9963386058807373,-2.2017662525177,0.38382798433303833,0.16170252859592438,-1.2543612718582153,-0.36094000935554504,1.0,0.0,0.0,1.0,0.0,0.0,1.0,1.0,0.0,1.0,0.0,1.0,0.0,0.0,0.0,1.0,0.0,0.0,0.0,0.2807125747203827,3.492436969,7.088852322999999,3.5964153539999995,4.767841339111328,-1.1714260578155518
60,1.0947691202163696,0.5965821743011475,-0.3608979880809784,-0.8796060085296631,0.4961204528808594,-1.685864806175232,0.0,0.0,0.0,1.0,0.0,0.0,0.0,2.0,0.0,1.0,0.0,0.0,0.0,0.0,0.0,0.0,1.0,0.0,0.0,0.006483740173280239,0.328837642,5.630095737,5.301258095000001,5.1982951164245605,0.10296297073364258
61,-2.0179545879364014,-1.802002191543579,1.8732799291610718,1.2030110359191895,-0.004017170052975416,-1.1890180110931396,1.0,1.0,0.0,0.0,1.0,0.0,1.0,1.0,0.0,1.0,0.0,1.0,1.0,0.0,0.0,0.0,0.0,0.0,0.0,0.008539625443518162,1.052633262,6.77717239,5.724539128,4.342779159545898,1.3817601203918457
62,0.3382042944431305,0.19681812822818756,-0.733260989189148,0.16170252859592438,0.7461892366409302,-1.0234023332595825,1.0,1.0,1.0,0.0,1.0,0.0,1.0,1.0,0.0,1.0,1.0,1.0,0.0,0.0,0.0,0.0,0.0,1.0,0.0,0.01734253391623497,0.930412892,5.627523687999999,4.697110796,3.7732040882110596,0.9239065647125244
63,-0.8290671110153198,-1.402238130569458,1.1285539865493774,0.16170252859592438,-0.1915687769651413,0.3015223741531372,0.0,0.0,1.0,0.0,1.0,0.0,1.0,1.0,0.0,1.0,1.0,1.0,0.0,0.0,0.0,0.0,0.0,0.0,1.0,0.33227723836898804,2.95051554,8.353507404,5.4029918640000005,4.999483108520508,0.40350866317749023
64,-1.5856319665908813,-1.402238130569458,1.1285539865493774,-0.8796060085296631,-0.8792579770088196,-1.0234023332595825,1.0,0.0,0.0,1.0,0.0,0.0,1.0,2.0,1.0,1.0,1.0,1.0,1.0,0.0,0.0,0.0,0.0,0.0,0.0,0.15975862741470337,0.9520024220000001,6.946099812000001,5.99409739,4.678892135620117,1.3152050971984863
65,-0.9587639570236206,-0.20294594764709473,0.011464990675449371,1.2030110359191895,1.1212924718856812,0.13590677082538605,1.0,0.0,1.0,1.0,0.0,0.0,1.0,1.0,1.0,1.0,1.0,0.0,1.0,0.0,0.0,0.0,0.0,0.0,0.0,0.07543503493070602,3.0491306000000002,6.85633198,3.80720138,2.063425064086914,1.7437763214111328
66,0.7272947430610657,0.5965821743011475,-0.733260989189148,0.16170252859592438,0.4961204528808594,1.4608315229415894,1.0,1.0,1.0,0.0,0.0,1.0,0.0,1.0,0.0,1.0,1.0,1.0,0.0,0.0,0.0,0.0,1.0,0.0,0.0,0.010627007111907005,4.0241907260000005,8.311601708,4.287410981999999,2.474371910095215,1.8130393028259277
67,-1.2181576490402222,-0.6027100086212158,-0.3608979880809784,1.2030110359191895,-1.9420504570007324,-0.029708821326494217,0.0,0.0,1.0,0.0,0.0,1.0,0.0,1.0,0.0,1.0,0.0,1.0,0.0,0.0,0.0,1.0,0.0,0.0,0.0,0.2967533767223358,3.271907407,7.828267342,4.556359935,3.696260452270508,0.8600993156433105
68,0.022608686238527298,0.19681812822818756,0.011464990675449371,0.16170252859592438,-0.0665343701839447,1.626447081565857,0.0,0.0,0.0,0.0,0.0,1.0,1.0,1.0,0.0,1.0,1.0,1.0,1.0,0.0,0.0,0.0,0.0,0.0,0.0,0.327487587928772,3.982110605,8.392771534,4.410660929,2.4478302001953125,1.9628305435180664
69,1.246082067489624,0.19681812822818756,-0.733260989189148,0.16170252859592438,0.3085688352584839,1.1296002864837646,1.0,0.0,0.0,0.0,1.0,0.0,0.0,1.0,0.0,1.0,0.0,1.0,0.0,0.0,0.0,0.0,0.0,0.0,0.0,0.31666454672813416,2.475986759,8.168669466,5.692682707000001,3.736067771911621,1.9566149711608887
70,0.2733558714389801,0.5965821743011475,-0.3608979880809784,-0.8796060085296631,0.2460516393184662,-1.0234023332595825,1.0,0.0,0.0,1.0,0.0,0.0,1.0,2.0,1.0,1.0,0.0,0.0,0.0,0.0,0.0,0.0,0.0,1.0,0.0,0.07774173468351364,0.371460478,7.7745259970000005,7.403065519,4.837112903594971,2.565952777862549
71,1.1163852214813232,0.5965821743011475,-1.1056239604949951,-0.8796060085296631,0.1835344433784485,-1.1890180110931396,1.0,0.0,0.0,1.0,0.0,0.0,0.0,2.0,1.0,1.0,1.0,1.0,0.0,0.0,0.0,1.0,0.0,0.0,0.0,0.20549733936786652,1.369453144,7.572931114,6.20347797,4.7590837478637695,1.4443941116333008
72,0.8137593269348145,0.5965821743011475,-0.733260989189148,0.16170252859592438,-0.7542235851287842,0.13590677082538605,1.0,0.0,0.0,0.0,0.0,1.0,1.0,1.0,0.0,1.0,1.0,1.0,0.0,0.0,0.0,0.0,1.0,0.0,0.0,0.08358993381261826,1.2055009490000002,7.42454888,6.2190479309999995,4.340688228607178,1.8783597946166992
73,-0.9155316948890686,-1.002474069595337,1.1285539865493774,-0.8796060085296631,-1.1918439865112305,-0.36094000935554504,0.0,0.0,0.0,0.0,0.0,1.0,0.0,2.0,0.0,1.0,1.0,1.0,0.0,1.0,0.0,0.0,0.0,0.0,0.0,0.015871362760663033,1.8204933269999999,6.662912559,4.842419231999999,3.802382707595825,1.0400364398956299
74,1.2676981687545776,1.7958743572235107,-0.3608979880809784,0.16170252859592438,-0.2540859878063202,1.4608315229415894,0.0,0.0,1.0,0.0,0.0,0.0,0.0,1.0,1.0,1.0,1.0,1.0,0.0,0.0,1.0,0.0,0.0,0.0,0.0,0.33015814423561096,6.7934360279999995,6.568814897,-0.22462113099999925,1.4265048503875732,-1.6511260271072388
75,-0.029270043596625328,-0.6027100086212158,0.011464990675449371,0.16170252859592438,0.1835344433784485,-0.19532442092895508,1.0,0.0,0.0,1.0,0.0,0.0,1.0,1.0,0.0,1.0,0.0,1.0,0.0,1.0,0.0,0.0,0.0,0.0,0.0,0.06120267137885094,2.340849795,6.908482676,4.567632881,3.9717519283294678,0.5958807468414307
76,1.1877185106277466,0.5965821743011475,-0.3608979880809784,0.16170252859592438,-0.004017170052975416,0.4671379625797272,0.0,0.0,0.0,0.0,0.0,1.0,1.0,1.0,0.0,1.0,1.0,1.0,1.0,0.0,0.0,0.0,0.0,0.0,0.0,0.3195788562297821,3.608094297,5.855700243999999,2.2476059469999994,2.501936197280884,-0.2543301582336426
77,-1.0668447017669678,-1.402238130569458,1.1285539865493774,2.244319438934326,0.3710860311985016,2.288909435272217,0.0,0.0,1.0,0.0,1.0,0.0,1.0,1.0,0.0,1.0,0.0,1.0,0.0,1.0,0.0,0.0,0.0,0.0,0.0,0.170216903090477,6.253174542999999,8.393337867,2.1401633240000004,1.2683303356170654,0.871833086013794
78,0.6624463796615601,0.5965821743011475,-0.3608979880809784,0.16170252859592438,0.5586376786231995,0.6327535510063171,0.0,1.0,1.0,0.0,0.0,0.0,0.0,1.0,0.0,1.0,0.0,1.0,0.0,0.0,0.0,0.0,0.0,0.0,0.0,0.173690065741539,2.9029209160000002,4.95227283,2.049351914,3.5297200679779053,-1.4803681373596191
79,-0.27785563468933105,0.5965821743011475,0.38382798433303833,-0.8796060085296631,-0.1290515810251236,0.3015223741531372,0.0,0.0,1.0,0.0,1.0,0.0,0.0,2.0,1.0,1.0,1.0,1.0,0.0,0.0,1.0,0.0,0.0,0.0,0.0,0.31592321395874023,2.423222618,7.49370975,5.070487132,3.0166969299316406,2.0537900924682617
80,0.7489109039306641,0.5965821743011475,-0.3608979880809784,-0.8796060085296631,-1.1918439865112305,1.1296002864837646,1.0,0.0,1.0,0.0,0.0,1.0,0.0,2.0,1.0,1.0,1.0,1.0,0.0,0.0,1.0,0.0,0.0,0.0,0.0,0.33681520819664,5.027350273,8.408983848,3.3816335750000004,4.680582046508789,-1.2989485263824463
81,-0.8722994327545166,-0.6027100086212158,0.7561909556388855,0.16170252859592438,0.4961204528808594,-1.1890180110931396,1.0,0.0,0.0,1.0,0.0,0.0,0.0,1.0,0.0,1.0,0.0,1.0,1.0,0.0,0.0,0.0,0.0,0.0,0.0,0.011001133359968662,2.910562961,5.812503198,2.901940237,4.107179641723633,-1.2052392959594727
82,1.1380014419555664,0.19681812822818756,0.011464990675449371,-0.8796060085296631,-0.6917064189910889,-1.5202491283416748,1.0,0.0,0.0,1.0,0.0,0.0,0.0,2.0,0.0,1.0,0.0,1.0,0.0,0.0,0.0,0.0,1.0,0.0,0.0,0.009937831200659275,0.08959562,4.2696625489999995,4.180066929,6.020439147949219,-1.840372085571289
83,0.7705270648002625,0.9963462352752686,-1.1056239604949951,1.2030110359191895,0.4336032569408417,-0.19532442092895508,0.0,0.0,0.0,0.0,1.0,0.0,1.0,1.0,0.0,1.0,0.0,1.0,0.0,0.0,0.0,0.0,1.0,0.0,0.0,0.02007042057812214,1.117741588,6.789240969,5.671499381,6.414682865142822,-0.7431836128234863
84,1.15961754322052,0.9963462352752686,-1.4779869318008423,0.16170252859592438,0.12101723253726959,-0.526555597782135,1.0,0.0,0.0,0.0,1.0,0.0,0.0,1.0,0.0,1.0,0.0,1.0,0.0,0.0,0.0,0.0,0.0,1.0,0.0,0.07471143454313278,1.8883570980000002,6.372947179,4.4845900809999995,3.5977206230163574,0.8868694305419922
85,-0.28866368532180786,-0.20294594764709473,-1.4779869318008423,-0.8796060085296631,1.6214300394058228,0.4671379625797272,1.0,0.0,1.0,0.0,0.0,0.0,0.0,2.0,0.0,1.0,1.0,1.0,0.0,0.0,0.0,0.0,0.0,0.0,0.0,0.32828253507614136,3.076367752,7.554212395,4.477844643000001,4.6227264404296875,-0.1448817253112793
86,0.4679011106491089,0.9963462352752686,0.7561909556388855,-0.8796060085296631,-0.5041548013687134,0.7983691692352295,0.0,0.0,1.0,0.0,0.0,0.0,0.0,2.0,0.0,1.0,0.0,1.0,0.0,0.0,1.0,0.0,0.0,0.0,0.0,0.33648550510406494,2.723845667,5.615235325,2.8913896580000005,2.931274175643921,-0.03988456726074219
87,-1.8234094381332397,-2.2017662525177,0.7561909556388855,1.2030110359191895,-1.0668096542358398,1.1296002864837646,1.0,0.0,0.0,0.0,1.0,0.0,1.0,1.0,0.0,1.0,0.0,1.0,0.0,0.0,0.0,1.0,0.0,0.0,0.0,0.3239118456840515,3.949552277,6.1969293389999995,2.2473770619999995,1.981619119644165,0.26575803756713867
88,0.5111333727836609,-0.20294594764709473,-0.733260989189148,-0.8796060085296631,1.0587753057479858,1.2952159643173218,0.0,0.0,1.0,0.0,0.0,0.0,0.0,2.0,0.0,1.0,1.0,1.0,0.0,0.0,0.0,0.0,0.0,0.0,1.0,0.33711129426956177,2.184635919,8.161383288,5.976747369,3.619102954864502,2.357644557952881
89,1.0083045959472656,0.5965821743011475,-0.3608979880809784,0.16170252859592438,1.1212924718856812,-0.19532442092895508,1.0,0.0,1.0,1.0,0.0,0.0,1.0,1.0,0.0,1.0,1.0,1.0,1.0,0.0,0.0,0.0,0.0,0.0,0.0,0.30434557795524597,0.880649612,6.094435462000001,5.213785850000001,4.308455467224121,0.9053301811218262
90,-0.35351210832595825,0.19681812822818756,0.7561909556388855,-0.8796060085296631,-0.004017170052975416,-1.3546335697174072,0.0,0.0,0.0,1.0,0.0,0.0,0.0,2.0,0.0,1.0,0.0,1.0,0.0,0.0,0.0,0.0,0.0,0.0,0.0,0.05042723938822746,0.753737944,5.876450835,5.122712891,4.76608943939209,0.35662364959716797
91,-0.05088618025183678,-0.6027100086212158,-0.3608979880809784,-0.8796060085296631,0.2460516393184662,-0.19532442092895508,1.0,0.0,1.0,0.0,0.0,1.0,0.0,2.0,0.0,1.0,1.0,1.0,0.0,0.0,0.0,0.0,1.0,0.0,0.0,0.024935489520430565,1.990296466,5.242370621,3.252074155,5.116203784942627,-1.8641295433044434
92,1.0299206972122192,-0.20294594764709473,-0.3608979880809784,-0.8796060085296631,-1.5669472217559814,-0.8577867746353149,0.0,0.0,0.0,1.0,0.0,0.0,1.0,2.0,0.0,1.0,0.0,1.0,0.0,0.0,0.0,1.0,0.0,0.0,0.0,0.3353460133075714,1.34627528,6.927687604,5.581412324,6.124248504638672,-0.5428361892700195
93,0.8569915890693665,0.9963462352752686,0.011464990675449371,2.244319438934326,0.6836720705032349,-0.36094000935554504,1.0,0.0,0.0,1.0,0.0,0.0,0.0,1.0,0.0,1.0,0.0,1.0,0.0,0.0,0.0,1.0,0.0,0.0,0.0,0.056019507348537445,1.5198941769999998,6.630130631,5.110236454000001,6.167651176452637,-1.0574145317077637
94,0.3165881633758545,0.19681812822818756,-0.3608979880809784,0.16170252859592438,-0.1290515810251236,2.288909435272217,0.0,0.0,0.0,0.0,0.0,1.0,0.0,1.0,0.0,1.0,1.0,1.0,0.0,1.0,0.0,0.0,0.0,0.0,0.0,0.12973567843437195,7.068151466000001,8.500508552000001,1.4323570860000006,1.248655080795288,0.1837019920349121
95,0.8137593269348145,0.9963462352752686,-1.1056239604949951,0.16170252859592438,0.9337408542633057,2.288909435272217,0.0,0.0,1.0,0.0,0.0,0.0,0.0,1.0,1.0,1.0,1.0,1.0,0.0,0.0,0.0,0.0,0.0,0.0,0.0,0.31200626492500305,7.155599037999999,7.875369697000001,0.7197706590000017,0.12284743785858154,0.5969232320785522
96,0.9434561729431152,0.9963462352752686,-1.4779869318008423,1.2030110359191895,0.9962580800056458,0.4671379625797272,1.0,0.0,0.0,0.0,1.0,0.0,1.0,1.0,1.0,0.0,1.0,1.0,0.0,0.0,0.0,0.0,0.0,0.0,1.0,0.33671456575393677,2.7292085489999995,9.494496691,6.765288142000001,3.6594929695129395,3.105795383453369
97,0.1652752012014389,0.19681812822818756,0.011464990675449371,2.244319438934326,0.4336032569408417,-0.6921712160110474,1.0,0.0,0.0,0.0,1.0,0.0,0.0,1.0,0.0,1.0,0.0,1.0,0.0,0.0,0.0,1.0,0.0,0.0,0.0,0.053322527557611465,1.930986954,5.646035138999999,3.7150481849999997,5.3417510986328125,-1.6267030239105225
98,0.5543656945228577,0.19681812822818756,-0.3608979880809784,-0.8796060085296631,-0.6917064189910889,-1.0234023332595825,1.0,0.0,0.0,1.0,0.0,0.0,0.0,2.0,0.0,1.0,0.0,1.0,0.0,0.0,0.0,0.0,0.0,1.0,0.0,0.1009543165564537,1.3126241029999999,4.453708253,3.14108415,4.254197120666504,-1.1131129264831543
99,-0.8722994327545166,-0.6027100086212158,0.38382798433303833,2.244319438934326,0.6211548447608948,1.4608315229415894,0.0,0.0,1.0,0.0,1.0,0.0,0.0,1.0,0.0,1.0,1.0,1.0,1.0,0.0,0.0,0.0,0.0,0.0,0.0,0.11973284184932709,4.596619876,7.570358564,2.973738688,3.8607869148254395,-0.8870482444763184
100,0.2517397403717041,0.5965821743011475,-0.733260989189148,-0.8796060085296631,1.871498942375183,-0.36094000935554504,1.0,0.0,1.0,0.0,1.0,0.0,1.0,2.0,1.0,1.0,1.0,1.0,0.0,0.0,1.0,0.0,0.0,0.0,0.0,0.3331570327281952,2.648259748,6.830791014,4.182531266,3.3079609870910645,0.874570369720459
101,-0.007653906941413879,-0.20294594764709473,-0.3608979880809784,0.16170252859592438,-0.3166031837463379,1.792062759399414,0.0,0.0,1.0,0.0,0.0,1.0,1.0,1.0,0.0,1.0,0.0,1.0,0.0,0.0,0.0,0.0,0.0,0.0,0.0,0.33609217405319214,4.091946288,6.06197592,1.9700296320000001,2.3298754692077637,-0.3598458766937256
102,-0.7642187476158142,-0.6027100086212158,1.1285539865493774,0.16170252859592438,0.6211548447608948,-1.1890180110931396,0.0,1.0,0.0,1.0,0.0,0.0,0.0,1.0,0.0,1.0,0.0,1.0,0.0,1.0,0.0,0.0,0.0,0.0,0.0,0.006001228466629982,2.39976029,6.549479965,4.149719675,4.115917205810547,0.03380250930786133
103,-1.9531062841415405,-2.2017662525177,1.8732799291610718,0.16170252859592438,1.1212924718856812,-0.36094000935554504,0.0,0.0,0.0,0.0,1.0,0.0,1.0,1.0,0.0,1.0,0.0,1.0,0.0,0.0,1.0,0.0,0.0,0.0,0.0,0.07180099934339523,1.838631031,7.465424948,5.626793917,4.757964134216309,0.8688297271728516
104,0.7921431660652161,1.3961102962493896,-0.3608979880809784,-0.8796060085296631,-0.0665343701839447,-1.0234023332595825,0.0,0.0,0.0,0.0,1.0,0.0,1.0,2.0,0.0,1.0,1.0,1.0,0.0,0.0,0.0,0.0,0.0,0.0,0.0,0.3231373727321625,2.23295175,6.001701337,3.7687495870000003,4.1329145431518555,-0.3641650676727295
105,-0.15896686911582947,-0.6027100086212158,-0.3608979880809784,-0.8796060085296631,1.4338785409927368,-0.8577867746353149,1.0,0.0,0.0,1.0,0.0,0.0,1.0,2.0,0.0,1.0,0.0,1.0,1.0,0.0,0.0,0.0,0.0,0.0,0.0,0.30991673469543457,1.593343942,5.24303327,3.649689328,3.9587199687957764,-0.30903053283691406
106,-0.20219914615154266,1.3961102962493896,-0.733260989189148,-0.8796060085296631,1.1212924718856812,-1.0234023332595825,1.0,0.0,1.0,1.0,0.0,0.0,1.0,2.0,0.0,1.0,0.0,1.0,0.0,0.0,1.0,0.0,0.0,0.0,0.0,0.33607983589172363,1.411111218,7.505548543,6.0944373249999995,5.405472755432129,0.6889643669128418
107,-0.8074510097503662,-0.20294594764709473,-0.3608979880809784,-0.8796060085296631,0.8087064623832703,-0.526555597782135,0.0,0.0,0.0,1.0,0.0,0.0,0.0,2.0,0.0,1.0,0.0,1.0,1.0,0.0,0.0,0.0,0.0,0.0,0.0,0.17016080021858215,2.996272705,6.633952219,3.6376795140000002,4.410849571228027,-0.773169994354248
108,-1.434319019317627,-1.802002191543579,1.1285539865493774,0.16170252859592438,-1.3168784379959106,-0.029708821326494217,0.0,0.0,0.0,1.0,0.0,0.0,1.0,1.0,0.0,1.0,1.0,1.0,0.0,1.0,0.0,0.0,0.0,0.0,0.0,0.012331945821642876,2.269522862,6.0299167670000005,3.7603939050000004,3.9924588203430176,-0.23206496238708496
109,0.8786077499389648,0.5965821743011475,-0.3608979880809784,0.16170252859592438,-0.8792579770088196,1.2952159643173218,1.0,0.0,1.0,0.0,1.0,0.0,0.0,1.0,0.0,1.0,1.0,1.0,1.0,0.0,0.0,0.0,0.0,0.0,0.0,0.33194854855537415,3.044713181,6.048466754,3.0037535729999996,3.250298023223877,-0.24654436111450195
110,1.3541628122329712,0.5965821743011475,-1.1056239604949951,-0.8796060085296631,0.3710860311985016,-1.0234023332595825,1.0,0.0,1.0,0.0,1.0,0.0,0.0,2.0,0.0,1.0,0.0,1.0,0.0,0.0,0.0,0.0,0.0,0.0,1.0,0.3370211720466614,0.144451695,5.608276458,5.463824763,5.002917289733887,0.4609074592590332
111,1.4622434377670288,0.9963462352752686,-0.3608979880809784,-0.8796060085296631,0.2460516393184662,-0.36094000935554504,1.0,0.0,1.0,0.0,0.0,1.0,1.0,2.0,0.0,1.0,1.0,1.0,0.0,0.0,0.0,0.0,0.0,0.0,0.0,0.3360106348991394,1.9101241919999998,7.841319588999999,5.931195397,5.037755489349365,0.893439769744873
112,-1.2830060720443726,-1.402238130569458,1.1285539865493774,0.16170252859592438,0.3085688352584839,-1.1890180110931396,1.0,0.0,1.0,0.0,1.0,0.0,0.0,1.0,0.0,1.0,0.0,1.0,0.0,0.0,0.0,0.0,0.0,1.0,0.0,0.006820077542215586,0.287976045,6.029107108,5.741131063,4.687972068786621,1.0531587600708008
113,-0.22381527721881866,0.19681812822818756,-1.4779869318008423,-0.8796060085296631,0.4961204528808594,0.4671379625797272,1.0,0.0,1.0,0.0,0.0,1.0,1.0,2.0,0.0,1.0,1.0,1.0,0.0,0.0,1.0,0.0,0.0,0.0,0.0,0.3372863531112671,2.41933008,5.8563439939999995,3.4370139139999996,4.7337775230407715,-1.2967636585235596
114,-0.22381527721881866,-0.20294594764709473,0.38382798433303833,-0.8796060085296631,-0.8167408108711243,-1.0234023332595825,1.0,0.0,0.0,1.0,0.0,0.0,1.0,2.0,0.0,1.0,0.0,1.0,0.0,1.0,0.0,0.0,0.0,0.0,0.0,0.22005896270275116,2.094914917,6.551034689,4.456119771999999,4.639315128326416,-0.1831955909729004
115,1.15961754322052,-0.20294594764709473,-0.733260989189148,-0.8796060085296631,0.8087064623832703,-0.36094000935554504,0.0,0.0,0.0,0.0,1.0,0.0,1.0,2.0,0.0,1.0,1.0,1.0,0.0,0.0,0.0,0.0,0.0,0.0,0.0,0.3261788487434387,0.303088418,4.736109516,4.433021098,5.417016983032227,-0.9839959144592285
116,0.6840624809265137,0.5965821743011475,-1.4779869318008423,-0.8796060085296631,0.6211548447608948,-1.1890180110931396,1.0,0.0,0.0,1.0,0.0,0.0,0.0,2.0,0.0,1.0,1.0,1.0,0.0,0.0,0.0,0.0,0.0,0.0,1.0,0.3325394093990326,2.2234278180000002,4.160612867,1.937185049,4.706663131713867,-2.7694780826568604
117,-0.5048250555992126,-0.3782636523246765,-0.3608979880809784,1.2030110359191895,0.3710860311985016,-0.029708821326494217,1.0,0.0,0.0,0.0,1.0,0.0,0.0,1.0,0.0,1.0,0.0,1.0,0.0,0.0,0.0,0.0,1.0,0.0,0.0,0.00669385539367795,1.9029063609999999,6.265911489,4.363005127999999,5.293994426727295,-0.9309892654418945
118,1.4406273365020752,0.5965821743011475,-1.4779869318008423,1.2030110359191895,-0.8167408108711243,0.4671379625797272,1.0,0.0,1.0,1.0,0.0,0.0,0.0,1.0,0.0,1.0,0.0,1.0,0.0,0.0,0.0,0.0,0.0,0.0,1.0,0.337002158164978,2.732224865,8.252929907999999,5.520705042999999,3.7676563262939453,1.7530488967895508
119,0.013962230645120144,0.19681812822818756,1.1285539865493774,-0.8796060085296631,-0.2540859878063202,1.792062759399414,0.0,0.0,1.0,0.0,0.0,1.0,0.0,2.0,0.0,1.0,0.0,1.0,0.0,0.0,1.0,0.0,0.0,0.0,0.0,0.3364608883857727,2.8179543380000003,7.449449467999999,4.631495129999999,2.602135181427002,2.029359817504883
120,0.2085074633359909,-0.20294594764709473,1.1285539865493774,1.2030110359191895,0.2460516393184662,-0.526555597782135,1.0,0.0,0.0,0.0,1.0,0.0,0.0,1.0,0.0,1.0,0.0,1.0,0.0,0.0,0.0,0.0,1.0,0.0,0.0,0.0061306641437113285,2.811190245,6.294478027,3.483287782,5.669872283935547,-2.18658447265625
121,-1.9963386058807373,-1.802002191543579,1.8732799291610718,-0.8796060085296631,-0.004017170052975416,-1.685864806175232,1.0,0.0,0.0,1.0,0.0,0.0,1.0,2.0,0.0,0.0,0.0,1.0,0.0,0.0,0.0,1.0,0.0,0.0,0.0,0.24965788424015045,1.191659662,5.798754379,4.607094717,4.486303329467773,0.12079143524169922
122,-0.15896686911582947,-0.20294594764709473,0.7561909556388855,1.2030110359191895,-0.5666719675064087,-0.19532442092895508,0.0,0.0,0.0,0.0,0.0,1.0,0.0,1.0,0.0,1.0,1.0,1.0,1.0,0.0,0.0,0.0,0.0,0.0,0.0,0.024671761319041252,0.695405609,5.693242239,4.99783663,3.5490622520446777,1.4487743377685547
123,-0.9371477961540222,-0.6027100086212158,1.1285539865493774,0.16170252859592438,-1.2543612718582153,1.1296002864837646,0.0,0.0,1.0,0.0,0.0,1.0,0.0,1.0,0.0,1.0,0.0,1.0,0.0,0.0,1.0,0.0,0.0,0.0,0.0,0.3235059678554535,2.897255975,6.983577757999999,4.086321782999999,2.9177403450012207,1.168581485748291
124,-0.15896686911582947,-0.20294594764709473,-1.1056239604949951,0.16170252859592438,0.8712236881256104,-0.8577867746353149,1.0,1.0,0.0,1.0,0.0,0.0,0.0,1.0,0.0,1.0,1.0,1.0,0.0,0.0,0.0,0.0,0.0,1.0,0.0,0.006217754911631346,1.750591466,6.654876855,4.904285389,3.615563154220581,1.288722276687622
125,0.5327495336532593,0.5965821743011475,-1.1056239604949951,-0.8796060085296631,1.0587753057479858,-0.36094000935554504,0.0,0.0,1.0,0.0,0.0,1.0,0.0,2.0,0.0,1.0,1.0,1.0,0.0,0.0,1.0,0.0,0.0,0.0,0.0,0.3295483887195587,1.0425621790000001,6.280905167,5.238342988,3.2105555534362793,2.027787208557129
126,0.2517397403717041,0.19681812822818756,0.011464990675449371,-0.8796060085296631,1.0587753057479858,-1.3546335697174072,0.0,0.0,0.0,1.0,0.0,0.0,0.0,2.0,0.0,1.0,1.0,1.0,0.0,0.0,0.0,1.0,0.0,0.0,0.0,0.044344909489154816,1.449471046,6.622710741000001,5.173239695,3.6619462966918945,1.5112934112548828
127,-0.07250232249498367,0.5965821743011475,-0.733260989189148,2.244319438934326,1.8089816570281982,0.6327535510063171,1.0,0.0,0.0,0.0,1.0,0.0,1.0,1.0,0.0,1.0,0.0,1.0,1.0,0.0,0.0,0.0,0.0,0.0,0.0,0.29543614387512207,4.3672106610000005,7.920735189,3.5535245279999996,3.558501958847046,-0.00497746467590332
128,0.5975979566574097,0.9963462352752686,-0.3608979880809784,0.16170252859592438,-0.7542235851287842,-1.0234023332595825,0.0,0.0,0.0,0.0,1.0,0.0,0.0,1.0,0.0,1.0,0.0,1.0,0.0,0.0,0.0,1.0,0.0,0.0,0.0,0.18282239139080048,1.489083825,3.67929185,2.1902080249999996,4.755056858062744,-2.5648488998413086
129,-0.20219914615154266,0.5965821743011475,-1.1056239604949951,-0.8796060085296631,-0.9417752027511597,-1.3546335697174072,1.0,0.0,0.0,1.0,0.0,0.0,0.0,2.0,0.0,1.0,1.0,1.0,0.0,0.0,0.0,0.0,0.0,1.0,0.0,0.06566453725099564,2.168364396,5.380134022000001,3.211769626000001,4.057000160217285,-0.8452305793762207
130,0.2085074633359909,0.19681812822818756,0.38382798433303833,1.2030110359191895,-0.6917064189910889,0.3015223741531372,1.0,0.0,0.0,0.0,1.0,0.0,1.0,1.0,0.0,1.0,0.0,1.0,0.0,0.0,0.0,0.0,0.0,0.0,1.0,0.33656638860702515,2.447230428,6.4642029370000005,4.016972509,4.334768295288086,-0.3177957534790039
131,0.1652752012014389,0.19681812822818756,-1.4779869318008423,-0.8796060085296631,-0.3166031837463379,1.1296002864837646,1.0,0.0,0.0,0.0,0.0,0.0,0.0,2.0,0.0,1.0,1.0,1.0,0.0,0.0,0.0,0.0,1.0,0.0,0.0,0.234320729970932,3.8781258010000004,6.338743478,2.4606176769999992,5.039222240447998,-2.5786044597625732
132,0.7056786417961121,0.9963462352752686,-1.1056239604949951,-0.8796060085296631,1.5589128732681274,-1.3546335697174072,1.0,0.0,0.0,1.0,0.0,0.0,0.0,2.0,0.0,1.0,0.0,1.0,0.0,1.0,0.0,0.0,0.0,0.0,0.0,0.023222235962748528,0.43495591200000006,6.243417753999999,5.808461841999999,5.299386024475098,0.5090756416320801
133,0.3382042944431305,0.5965821743011475,-0.733260989189148,0.16170252859592438,0.6211548447608948,-0.19532442092895508,0.0,0.0,1.0,0.0,1.0,0.0,0.0,1.0,0.0,1.0,0.0,1.0,1.0,0.0,0.0,0.0,0.0,0.0,0.0,0.24562567472457886,1.44911224,6.2518666529999996,4.802754413,4.910096645355225,-0.10734224319458008
134,0.1868913322687149,0.19681812822818756,-0.3608979880809784,0.16170252859592438,-1.379395604133606,0.4671379625797272,0.0,0.0,1.0,1.0,0.0,0.0,1.0,1.0,0.0,1.0,1.0,1.0,0.0,0.0,0.0,0.0,0.0,0.0,1.0,0.33704331517219543,3.8996865339999998,5.741144126,1.8414575920000003,5.06089448928833,-3.2194368839263916
135,1.1812336444854736,0.5965821743011475,-1.1056239604949951,-0.8796060085296631,-0.8792579770088196,-1.1890180110931396,0.0,0.0,0.0,1.0,0.0,0.0,0.0,2.0,0.0,1.0,0.0,1.0,0.0,0.0,0.0,0.0,0.0,1.0,0.0,0.12321918457746506,1.768284886,4.138410813,2.370125927,4.040225028991699,-1.6700990200042725
136,1.332546591758728,0.9963462352752686,-1.4779869318008423,-0.8796060085296631,-0.1290515810251236,0.6327535510063171,0.0,0.0,0.0,0.0,1.0,0.0,1.0,2.0,0.0,1.0,1.0,0.0,0.0,0.0,0.0,0.0,1.0,0.0,0.0,0.2769452929496765,1.8302409080000002,6.898286845,5.068045937,3.696112632751465,1.3719334602355957
137,0.2625478208065033,0.5965821743011475,-0.733260989189148,-0.8796060085296631,0.9962580800056458,0.3015223741531372,0.0,1.0,0.0,0.0,0.0,1.0,1.0,2.0,0.0,1.0,1.0,1.0,0.0,0.0,1.0,0.0,0.0,0.0,0.0,0.32967302203178406,2.847536332,7.4499320120000005,4.602395680000001,4.681976795196533,-0.07958126068115234
138,-0.41836053133010864,0.19681812822818756,-1.4779869318008423,1.2030110359191895,-0.2540859878063202,0.6327535510063171,0.0,0.0,0.0,1.0,0.0,0.0,1.0,1.0,1.0,1.0,0.0,1.0,0.0,0.0,0.0,1.0,0.0,0.0,0.0,0.3085139989852905,4.1972639130000005,7.50961392,3.312350006999999,3.109579086303711,0.20277094841003418
139,0.3598204255104065,0.19681812822818756,-0.3608979880809784,0.16170252859592438,1.1212924718856812,-1.0234023332595825,1.0,0.0,0.0,0.0,1.0,0.0,0.0,1.0,0.0,1.0,1.0,1.0,1.0,0.0,0.0,0.0,0.0,0.0,0.0,0.02762548066675663,2.5664987669999997,7.093203927,4.526705160000001,3.636192560195923,0.8905127048492432
140,-1.2830060720443726,-1.002474069595337,1.1285539865493774,0.16170252859592438,-1.004292368888855,-1.1890180110931396,0.0,0.0,1.0,1.0,0.0,0.0,1.0,1.0,0.0,1.0,0.0,0.0,0.0,0.0,0.0,0.0,0.0,1.0,0.0,0.011204531416296959,1.707365155,6.190427711,4.483062556,4.503208637237549,-0.020145893096923828
141,-1.6720964908599854,-1.402238130569458,1.8732799291610718,2.244319438934326,0.5586376786231995,1.626447081565857,0.0,0.0,0.0,1.0,0.0,0.0,1.0,1.0,1.0,1.0,1.0,1.0,0.0,0.0,0.0,0.0,0.0,1.0,0.0,0.00646934425458312,8.581096083,7.829016900000001,-0.7520791829999993,0.7333099842071533,-1.485389232635498
142,-0.26704755425453186,-0.6027100086212158,0.38382798433303833,-0.8796060085296631,-0.7542235851287842,-0.526555597782135,1.0,0.0,0.0,0.0,1.0,0.0,0.0,2.0,0.0,1.0,1.0,1.0,0.0,0.0,0.0,0.0,0.0,1.0,0.0,0.054148804396390915,2.551956358,6.750624796,4.198668438,3.7387852668762207,0.4598832130432129
143,0.5975979566574097,0.5965821743011475,-0.3608979880809784,1.2030110359191895,0.12101723253726959,-0.19532442092895508,0.0,0.0,0.0,1.0,0.0,0.0,1.0,1.0,1.0,1.0,0.0,1.0,0.0,0.0,0.0,0.0,1.0,0.0,0.0,0.006941106170415878,2.54038888,7.722013455,5.181624575,5.913867473602295,-0.7322430610656738
144,1.0645065307617188,0.9963462352752686,0.011464990675449371,-0.8796060085296631,-1.6919816732406616,1.626447081565857,0.0,0.0,1.0,0.0,0.0,0.0,1.0,2.0,0.0,1.0,1.0,1.0,1.0,0.0,0.0,0.0,0.0,0.0,0.0,0.3373429477214813,2.563576577,5.584877219,3.021300642,2.695761203765869,0.32553935050964355
145,-0.15896686911582947,0.5965821743011475,-1.4779869318008423,-0.8796060085296631,1.4963957071304321,-0.36094000935554504,1.0,0.0,1.0,0.0,0.0,1.0,1.0,2.0,0.0,1.0,1.0,1.0,0.0,0.0,0.0,0.0,0.0,0.0,0.0,0.3344528377056122,0.178507521,5.347703403,5.1691958819999995,4.69677209854126,0.4724235534667969
146,-1.6720964908599854,-1.802002191543579,2.245642900466919,1.2030110359191895,-1.0668096542358398,1.1296002864837646,0.0,0.0,1.0,0.0,1.0,0.0,0.0,1.0,0.0,1.0,1.0,1.0,0.0,0.0,0.0,0.0,0.0,0.0,1.0,0.28845661878585815,2.978126084,7.448681004,4.47055492,4.274128437042236,0.1964263916015625
147,0.3165881633758545,0.5965821743011475,-0.733260989189148,0.16170252859592438,0.2460516393184662,-1.0234023332595825,0.0,0.0,0.0,0.0,1.0,0.0,0.0,1.0,0.0,1.0,1.0,1.0,1.0,0.0,0.0,0.0,0.0,0.0,0.0,0.04236786812543869,0.392984471,5.288076115,4.895091644,5.079277038574219,-0.18418550491333008
148,1.1812336444854736,0.5965821743011475,-1.8503499031066895,0.16170252859592438,0.4961204528808594,-0.029708821326494217,0.0,0.0,0.0,1.0,0.0,0.0,1.0,1.0,1.0,1.0,1.0,1.0,0.0,0.0,0.0,0.0,0.0,1.0,0.0,0.044841427356004715,3.326411684,6.813544309,3.487132625,3.483140230178833,0.003992319107055664
149,0.1436590552330017,-0.20294594764709473,-0.3608979880809784,1.2030110359191895,-0.3166031837463379,2.288909435272217,1.0,0.0,1.0,0.0,1.0,0.0,0.0,1.0,0.0,1.0,1.0,1.0,0.0,1.0,0.0,0.0,0.0,0.0,0.0,0.25291907787323,7.0451858220000005,8.243871037,1.1986852149999994,3.485244035720825,-2.2865588665008545
