,X1,X2,X3,X4,X5,X6,X7,X8,X9,X10,X11,X12,X13,X14,X15,X16,X17,X18,X19,X20,X21,X22,X23,X24,X25,ps_score,factual,counter_factual,true_ITE,predicted_ITE,diff
0,0.6624463796615601,0.5965821743011475,-0.733260989189148,-0.8796060085296631,-0.6917064189910889,0.4671379625797272,1.0,0.0,1.0,0.0,0.0,0.0,0.0,2.0,0.0,1.0,0.0,1.0,0.0,0.0,0.0,0.0,0.0,0.0,0.0,0.5149224996566772,6.45231233,2.227502851,4.224809478999999,4.053441047668457,0.17136859893798828
1,1.3973950147628784,1.3961102962493896,-1.4779869318008423,-0.8796060085296631,-0.4416375756263733,0.7983691692352295,1.0,0.0,1.0,0.0,1.0,0.0,0.0,2.0,0.0,1.0,1.0,1.0,0.0,0.0,0.0,0.0,0.0,0.0,1.0,0.17720767855644226,6.29186737,2.12824243,4.16362494,3.5828118324279785,0.580812931060791
2,0.9434561729431152,0.9963462352752686,0.38382798433303833,2.244319438934326,-0.6291891932487488,0.13590677082538605,0.0,0.0,0.0,0.0,0.0,1.0,0.0,1.0,0.0,0.0,1.0,1.0,0.0,0.0,0.0,1.0,0.0,0.0,0.0,0.030711209401488304,5.917605983,1.747821866,4.169784117,4.2629241943359375,-0.0931401252746582
3,1.4406273365020752,0.19681812822818756,-1.1056239604949951,-0.8796060085296631,-0.3166031837463379,0.4671379625797272,0.0,0.0,1.0,0.0,0.0,1.0,0.0,2.0,0.0,1.0,1.0,1.0,0.0,0.0,0.0,0.0,0.0,0.0,0.0,0.5053959488868713,7.170125922,1.4773849190000001,5.692741003,4.168781280517578,1.5239596366882324
4,0.2409316748380661,0.5965821743011475,1.1285539865493774,0.16170252859592438,-0.1915687769651413,0.6327535510063171,1.0,1.0,0.0,1.0,0.0,0.0,0.0,1.0,0.0,1.0,1.0,1.0,0.0,1.0,0.0,0.0,0.0,0.0,0.0,0.043587576597929,7.386637914,4.296653467,3.089984447,3.328720808029175,-0.23873639106750488
5,-0.5480573177337646,0.5965821743011475,1.5009169578552246,-0.8796060085296631,-1.1918439865112305,-0.8577867746353149,1.0,0.0,1.0,1.0,0.0,0.0,1.0,2.0,1.0,1.0,0.0,1.0,0.0,0.0,0.0,0.0,0.0,1.0,0.0,0.00798430759459734,6.417114586,1.820102696,4.59701189,4.197800636291504,0.39921140670776367
6,-1.2397737503051758,-1.402238130569458,1.1285539865493774,-0.8796060085296631,0.9337408542633057,1.1296002864837646,1.0,0.0,1.0,0.0,0.0,0.0,0.0,2.0,0.0,1.0,1.0,1.0,0.0,0.0,1.0,0.0,0.0,0.0,0.0,0.2407887727022171,6.473670997,1.4058293519999998,5.067841645000001,4.240870475769043,0.8269710540771484
7,-0.28866368532180786,0.19681812822818756,0.7561909556388855,0.16170252859592438,-2.3171536922454834,-0.029708821326494217,0.0,0.0,1.0,0.0,1.0,0.0,1.0,1.0,0.0,1.0,1.0,1.0,0.0,0.0,0.0,0.0,0.0,0.0,1.0,0.052432719618082047,6.215572155,0.6324781279999999,5.5830940270000005,4.049949645996094,1.533144474029541
8,0.7705270648002625,0.5965821743011475,0.38382798433303833,-0.8796060085296631,-1.379395604133606,0.4671379625797272,0.0,0.0,1.0,0.0,0.0,0.0,0.0,2.0,0.0,1.0,1.0,1.0,0.0,0.0,0.0,0.0,0.0,0.0,0.0,0.7449312210083008,7.747586396,2.856067559,4.891518837,3.9443440437316895,0.9471750259399414
9,1.4622434377670288,0.9963462352752686,0.011464990675449371,0.16170252859592438,-0.6291891932487488,-0.19532442092895508,1.0,0.0,0.0,0.0,1.0,0.0,1.0,1.0,1.0,1.0,1.0,1.0,0.0,0.0,0.0,0.0,0.0,0.0,0.0,0.8003871440887451,6.115796046,1.6418203869999999,4.473975659,3.190788507461548,1.2831871509552002
10,0.6840624809265137,-0.09836484491825104,0.011464990675449371,-0.8796060085296631,0.9337408542633057,1.626447081565857,1.0,0.0,1.0,0.0,0.0,0.0,0.0,2.0,0.0,1.0,1.0,1.0,0.0,0.0,0.0,0.0,0.0,0.0,0.0,0.9395936727523804,6.057241707,2.577537155,3.4797045520000003,3.627206802368164,-0.14750218391418457
11,-0.059532638639211655,-0.6027100086212158,-0.3608979880809784,0.16170252859592438,-1.004292368888855,-0.36094000935554504,0.0,0.0,1.0,0.0,1.0,0.0,0.0,1.0,0.0,1.0,1.0,1.0,1.0,0.0,0.0,0.0,0.0,0.0,0.0,0.0063223037868738174,9.066117627999999,1.9966520730000001,7.069465554999999,3.8618836402893066,3.2075819969177246
12,-1.4559351205825806,-0.6027100086212158,0.38382798433303833,0.16170252859592438,0.2460516393184662,-0.526555597782135,1.0,1.0,1.0,0.0,1.0,0.0,0.0,1.0,0.0,1.0,1.0,1.0,0.0,0.0,0.0,0.0,0.0,1.0,0.0,0.002547014970332384,7.317335577000001,0.824838595,6.4924969820000005,3.6020288467407227,2.890468120574951
13,1.3109304904937744,1.3961102962493896,-1.4779869318008423,1.2030110359191895,-0.5666719675064087,-0.8577867746353149,0.0,0.0,1.0,1.0,0.0,0.0,1.0,1.0,1.0,1.0,0.0,1.0,1.0,0.0,0.0,0.0,0.0,0.0,0.0,0.5254530310630798,5.042679691,2.361596761,2.68108293,4.6722588539123535,-1.991175889968872
14,1.3433547019958496,1.7958743572235107,-1.1056239604949951,-0.8796060085296631,-0.6917064189910889,0.7983691692352295,1.0,0.0,1.0,0.0,0.0,0.0,0.0,2.0,1.0,1.0,1.0,1.0,0.0,0.0,1.0,0.0,0.0,0.0,0.0,0.040228333324193954,7.647942485,4.740757133,2.907185352,3.3211138248443604,-0.4139285087585449
15,1.15961754322052,0.5965821743011475,-0.3608979880809784,0.16170252859592438,0.6836720705032349,-0.8577867746353149,1.0,0.0,1.0,1.0,0.0,0.0,1.0,1.0,0.0,1.0,0.0,1.0,0.0,0.0,0.0,0.0,0.0,0.0,1.0,0.5766068696975708,5.5134461329999995,1.148107746,4.3653383869999995,5.053541660308838,-0.6882033348083496
16,1.0299206972122192,0.9963462352752686,-0.3608979880809784,1.2030110359191895,0.12101723253726959,-1.0234023332595825,0.0,0.0,1.0,1.0,0.0,0.0,1.0,1.0,0.0,1.0,0.0,1.0,0.0,0.0,0.0,0.0,0.0,0.0,1.0,0.7992451786994934,5.104656177,0.861097125,4.243559052,5.0869293212890625,-0.8433704376220703
17,1.1380014419555664,0.9963462352752686,0.7561909556388855,0.16170252859592438,-0.6291891932487488,0.13590677082538605,1.0,0.0,0.0,1.0,0.0,0.0,1.0,1.0,0.0,1.0,1.0,1.0,1.0,0.0,0.0,0.0,0.0,0.0,0.0,0.5621291995048523,5.855671364,1.8568003690000001,3.998870995,3.872732162475586,0.12613892555236816
18,-1.2397737503051758,-1.002474069595337,1.1285539865493774,-0.8796060085296631,0.9337408542633057,0.13590677082538605,1.0,0.0,1.0,0.0,0.0,0.0,1.0,2.0,0.0,1.0,1.0,1.0,0.0,1.0,0.0,0.0,0.0,0.0,0.0,0.054121196269989014,6.924076727,2.621165028,4.302911699,4.082057952880859,0.2208538055419922
19,-1.7585610151290894,-1.3396923542022705,0.38382798433303833,-0.8796060085296631,-0.9417752027511597,-0.8577867746353149,0.0,0.0,0.0,1.0,0.0,0.0,1.0,2.0,0.0,1.0,1.0,1.0,0.0,0.0,0.0,0.0,0.0,0.0,0.0,0.1788204312324524,5.539232081000001,0.739044418,4.800187663000001,4.368851661682129,0.4313359260559082
20,0.5111333727836609,0.5965821743011475,0.011464990675449371,-0.8796060085296631,-1.3168784379959106,-1.5202491283416748,0.0,0.0,0.0,1.0,0.0,0.0,0.0,2.0,0.0,0.0,0.0,1.0,0.0,0.0,0.0,0.0,0.0,0.0,1.0,0.8331094980239868,7.636709496,1.857130257,5.779579239,4.85417366027832,0.9254055023193359
21,-0.43997666239738464,-0.20294594764709473,-0.3608979880809784,0.16170252859592438,0.5586376786231995,0.7983691692352295,0.0,0.0,0.0,0.0,1.0,0.0,0.0,1.0,0.0,1.0,1.0,1.0,0.0,0.0,1.0,0.0,0.0,0.0,0.0,0.08483757078647614,8.141129734,2.001215819,6.139913914999999,4.068281650543213,2.0716323852539062
22,1.15961754322052,0.5965821743011475,-0.3608979880809784,-0.8796060085296631,0.4961204528808594,-0.526555597782135,0.0,0.0,1.0,0.0,1.0,0.0,0.0,2.0,0.0,1.0,1.0,1.0,0.0,0.0,0.0,0.0,0.0,0.0,0.0,0.1639583855867386,3.367979729,-0.38242682200000006,3.750406551,4.033929824829102,-0.2835233211517334
23,-1.358662486076355,-1.402238130569458,1.1285539865493774,2.244319438934326,-0.8792579770088196,-0.19532442092895508,0.0,0.0,1.0,0.0,1.0,0.0,1.0,1.0,0.0,1.0,1.0,1.0,0.0,0.0,1.0,0.0,0.0,0.0,0.0,0.016632728278636932,7.065180784,2.598881767,4.466299017,4.285091400146484,0.18120765686035156
24,0.3598204255104065,0.5965821743011475,0.38382798433303833,-0.8796060085296631,0.4961204528808594,1.2952159643173218,0.0,0.0,1.0,0.0,0.0,0.0,0.0,2.0,0.0,1.0,1.0,1.0,1.0,0.0,0.0,0.0,0.0,0.0,0.0,0.23615513741970062,6.295170225,4.680660837,1.614509388,3.336467981338501,-1.7219586372375488
25,1.326061725616455,0.9963462352752686,-0.3608979880809784,1.2030110359191895,-0.1915687769651413,0.6327535510063171,1.0,0.0,1.0,0.0,0.0,0.0,0.0,1.0,0.0,1.0,0.0,1.0,1.0,0.0,0.0,0.0,0.0,0.0,0.0,0.45466580986976624,7.143978778999999,3.066040427,4.077938351999999,3.9794304370880127,0.09850811958312988
26,-0.37512823939323425,-1.802002191543579,0.38382798433303833,-0.8796060085296631,-0.004017170052975416,0.4671379625797272,0.0,0.0,1.0,0.0,0.0,1.0,0.0,2.0,0.0,1.0,1.0,1.0,0.0,0.0,0.0,0.0,0.0,0.0,1.0,0.8706847429275513,7.41470256,1.481191566,5.933510994000001,4.52065896987915,1.4128518104553223
27,0.7597189545631409,0.5965821743011475,0.38382798433303833,-0.8796060085296631,-0.3791203796863556,-0.36094000935554504,1.0,0.0,0.0,0.0,1.0,0.0,0.0,2.0,0.0,1.0,1.0,1.0,0.0,0.0,1.0,0.0,0.0,0.0,0.0,0.20937909185886383,6.871173584,0.18979355,6.681380034,3.9045019149780273,2.7768783569335938
28,-0.05088618025183678,-0.6027100086212158,-0.3608979880809784,-0.8796060085296631,0.2460516393184662,-0.19532442092895508,1.0,0.0,1.0,0.0,0.0,1.0,0.0,2.0,0.0,1.0,1.0,1.0,0.0,0.0,0.0,0.0,1.0,0.0,0.0,0.023508552461862564,1.990296466,5.242370621,3.252074155,4.590885162353516,-1.338810920715332
29,-2.277348279953003,-2.2017662525177,2.245642900466919,-0.8796060085296631,0.4961204528808594,-0.8577867746353149,1.0,0.0,0.0,1.0,0.0,0.0,1.0,2.0,1.0,1.0,0.0,1.0,0.0,0.0,0.0,1.0,0.0,0.0,0.0,0.005105100106447935,4.2304095660000005,7.61256121,3.3821516439999995,4.346646308898926,-0.9644947052001953
30,-0.526441216468811,0.19681812822818756,0.38382798433303833,0.16170252859592438,0.5586376786231995,0.6327535510063171,0.0,1.0,1.0,0.0,1.0,0.0,1.0,1.0,0.0,1.0,1.0,1.0,0.0,1.0,0.0,0.0,0.0,0.0,0.0,0.02589457668364048,2.593266102,6.389203655,3.7959375530000004,3.8590264320373535,-0.06308889389038086
31,-0.029270043596625328,-0.20294594764709473,0.38382798433303833,-0.8796060085296631,-1.6294643878936768,0.13590677082538605,0.0,0.0,1.0,0.0,0.0,0.0,0.0,2.0,1.0,1.0,1.0,1.0,1.0,0.0,0.0,0.0,0.0,0.0,0.0,0.5719392895698547,2.621099819,6.25382443,3.632724611,4.028036594390869,-0.3953120708465576
32,0.4246688485145569,0.9963462352752686,-0.733260989189148,-0.8796060085296631,0.5586376786231995,-0.8577867746353149,1.0,0.0,1.0,0.0,1.0,0.0,0.0,2.0,0.0,1.0,1.0,1.0,0.0,1.0,0.0,0.0,0.0,0.0,0.0,0.2259935587644577,0.49974080600000004,6.385830267,5.886089461,4.007903575897217,1.878185749053955
33,-0.061694249510765076,0.19681812822818756,0.38382798433303833,-0.8796060085296631,-0.4416375756263733,-0.6921712160110474,1.0,0.0,1.0,0.0,0.0,1.0,1.0,2.0,0.0,1.0,1.0,1.0,0.0,0.0,1.0,0.0,0.0,0.0,0.0,0.0407676063477993,1.882450559,5.324613068000001,3.4421625090000005,4.047682762145996,-0.6055202484130859
34,-1.2397737503051758,-1.002474069595337,0.011464990675449371,0.16170252859592438,2.121567726135254,-0.6921712160110474,1.0,0.0,0.0,1.0,0.0,0.0,0.0,1.0,0.0,1.0,1.0,1.0,0.0,0.0,0.0,0.0,0.0,1.0,0.0,0.0013214173959568143,1.073780005,6.512709967999999,5.438929963,4.034038543701172,1.4048914909362793
35,0.2085074633359909,0.9963462352752686,1.1285539865493774,0.16170252859592438,-0.5041548013687134,1.1296002864837646,1.0,0.0,1.0,0.0,0.0,1.0,0.0,1.0,0.0,1.0,1.0,1.0,0.0,0.0,0.0,0.0,0.0,0.0,1.0,0.11868517100811005,3.8788345580000003,6.482705827,2.603871269,3.5359325408935547,-0.9320611953735352
36,1.4838595390319824,1.7958743572235107,-1.1056239604949951,1.2030110359191895,0.1835344433784485,0.4671379625797272,0.0,0.0,0.0,0.0,0.0,1.0,0.0,1.0,0.0,1.0,1.0,1.0,0.0,0.0,1.0,0.0,0.0,0.0,0.0,0.04434589296579361,3.4425000939999997,5.981576198,2.5390761040000003,3.7179031372070312,-1.1788270473480225
37,0.1868913322687149,0.5965821743011475,0.38382798433303833,-0.8796060085296631,0.6211548447608948,-0.526555597782135,1.0,0.0,0.0,0.0,0.0,1.0,0.0,2.0,0.0,1.0,0.0,1.0,0.0,1.0,0.0,0.0,0.0,0.0,0.0,0.03121514432132244,3.5501178660000003,5.05241629,1.5022984239999997,4.161137104034424,-2.6588387489318848
38,-1.0668447017669678,-1.402238130569458,1.1285539865493774,2.244319438934326,0.3710860311985016,2.288909435272217,0.0,0.0,1.0,0.0,1.0,0.0,1.0,1.0,0.0,1.0,0.0,1.0,0.0,1.0,0.0,0.0,0.0,0.0,0.0,0.003102528629824519,6.253174542999999,8.393337867,2.1401633240000004,1.2050418853759766,0.9351215362548828
39,-0.41836053133010864,0.19681812822818756,-1.4779869318008423,1.2030110359191895,-0.2540859878063202,0.6327535510063171,0.0,0.0,0.0,1.0,0.0,0.0,1.0,1.0,1.0,1.0,0.0,1.0,0.0,0.0,0.0,1.0,0.0,0.0,0.0,0.01147617306560278,4.1972639130000005,7.50961392,3.312350006999999,3.506082057952881,-0.19373202323913574
40,-0.43997666239738464,0.19681812822818756,0.011464990675449371,-0.8796060085296631,1.4963957071304321,0.13590677082538605,0.0,0.0,1.0,0.0,0.0,1.0,0.0,2.0,0.0,1.0,0.0,1.0,0.0,0.0,1.0,0.0,0.0,0.0,0.0,0.3956238329410553,1.090969716,7.098473147999999,6.007503431999999,4.488895416259766,1.5186080932617188
41,1.246082067489624,1.3961102962493896,-1.4779869318008423,2.244319438934326,-0.3791203796863556,0.3015223741531372,1.0,0.0,1.0,0.0,0.0,1.0,1.0,1.0,0.0,1.0,1.0,1.0,0.0,0.0,0.0,0.0,0.0,0.0,0.0,0.377818763256073,0.8796460909999999,5.697233002999999,4.817586911999999,4.262344837188721,0.5552420616149902
42,0.2517397403717041,0.19681812822818756,0.011464990675449371,-0.8796060085296631,1.0587753057479858,-1.3546335697174072,0.0,0.0,0.0,1.0,0.0,0.0,0.0,2.0,0.0,1.0,1.0,1.0,0.0,0.0,0.0,1.0,0.0,0.0,0.0,0.14979176223278046,1.449471046,6.622710741000001,5.173239695,4.062483787536621,1.1107559204101562
43,-0.569673478603363,-0.20294594764709473,-0.3608979880809784,-0.8796060085296631,0.7461892366409302,-1.1890180110931396,1.0,0.0,0.0,1.0,0.0,0.0,1.0,2.0,0.0,1.0,1.0,1.0,0.0,0.0,1.0,0.0,0.0,0.0,0.0,0.08014832437038422,1.133291641,6.5452216729999995,5.411930031999999,3.794187545776367,1.6177425384521484
44,-1.9098739624023438,-1.402238130569458,0.7561909556388855,0.16170252859592438,-0.2540859878063202,1.2952159643173218,0.0,0.0,0.0,0.0,0.0,1.0,0.0,1.0,0.0,1.0,1.0,1.0,0.0,0.0,0.0,0.0,0.0,0.0,1.0,0.04134302958846092,0.72240119,6.224467007,5.502065817,3.7710280418395996,1.7310376167297363
45,-1.5640158653259277,-1.802002191543579,2.245642900466919,-0.8796060085296631,0.8087064623832703,1.4608315229415894,0.0,0.0,1.0,0.0,0.0,0.0,0.0,2.0,1.0,1.0,1.0,1.0,0.0,0.0,1.0,0.0,0.0,0.0,0.0,0.003776715835556388,5.551429432000001,6.000949922,0.4495204899999994,4.01766300201416,-3.5681424140930176
46,0.4679011106491089,-0.6027100086212158,-1.1056239604949951,0.16170252859592438,0.3710860311985016,-1.0234023332595825,1.0,0.0,0.0,0.0,1.0,0.0,0.0,1.0,0.0,1.0,0.0,1.0,0.0,0.0,0.0,0.0,0.0,1.0,0.0,0.005025251302868128,1.141388725,4.165596569,3.0242078439999998,4.077883720397949,-1.053675889968872
47,0.12204291671514511,0.5965821743011475,-0.733260989189148,0.16170252859592438,0.9962580800056458,-0.36094000935554504,0.0,1.0,1.0,0.0,0.0,1.0,0.0,1.0,0.0,1.0,1.0,1.0,0.0,0.0,0.0,0.0,0.0,0.0,1.0,0.8264232873916626,2.139749471,6.982075697999999,4.842326226999999,3.89095401763916,0.9513721466064453
48,1.1380014419555664,0.9963462352752686,-0.733260989189148,0.16170252859592438,0.7461892366409302,2.123293876647949,0.0,0.0,1.0,0.0,0.0,0.0,0.0,1.0,1.0,1.0,1.0,1.0,0.0,0.0,1.0,0.0,0.0,0.0,0.0,0.12077922374010086,7.062564862,6.992970473,-0.06959438900000059,1.3729944229125977,-1.4425888061523438
49,0.1868913322687149,0.19681812822818756,-0.3608979880809784,0.16170252859592438,-1.379395604133606,0.4671379625797272,0.0,0.0,1.0,1.0,0.0,0.0,1.0,1.0,0.0,1.0,1.0,1.0,0.0,0.0,0.0,0.0,0.0,0.0,1.0,0.3564544916152954,3.8996865339999998,5.741144126,1.8414575920000003,4.403463363647461,-2.5620057582855225
50,-1.3046221733093262,-1.402238130569458,1.1285539865493774,0.16170252859592438,0.4336032569408417,-0.8577867746353149,1.0,0.0,1.0,1.0,0.0,0.0,0.0,1.0,0.0,1.0,0.0,1.0,0.0,0.0,0.0,0.0,0.0,1.0,0.0,0.0013495750026777387,2.26443623,5.058128381,2.7936921510000006,4.019594192504883,-1.2259020805358887
51,0.9002238512039185,0.9963462352752686,-0.3608979880809784,-0.8796060085296631,-0.5666719675064087,-0.36094000935554504,0.0,0.0,1.0,0.0,0.0,0.0,0.0,2.0,0.0,1.0,1.0,1.0,0.0,0.0,0.0,0.0,0.0,0.0,0.0,0.5561670064926147,1.765129568,6.188119759,4.422990191,3.9984941482543945,0.4244961738586426
52,0.013962230645120144,0.19681812822818756,1.1285539865493774,-0.8796060085296631,-0.2540859878063202,1.792062759399414,0.0,0.0,1.0,0.0,0.0,1.0,0.0,2.0,0.0,1.0,0.0,1.0,0.0,0.0,1.0,0.0,0.0,0.0,0.0,0.03755849227309227,2.8179543380000003,7.449449467999999,4.631495129999999,2.6004223823547363,2.0310726165771484
53,0.4895172715187073,-0.6027100086212158,0.011464990675449371,0.16170252859592438,-0.2540859878063202,-1.3546335697174072,1.0,0.0,1.0,1.0,0.0,0.0,0.0,1.0,0.0,1.0,0.0,1.0,0.0,0.0,0.0,0.0,0.0,1.0,0.0,0.007036630064249039,1.30824353,6.66707953,5.358836,4.154163837432861,1.2046723365783691
54,-0.5480573177337646,-0.20294594764709473,-0.3608979880809784,-0.8796060085296631,0.1835344433784485,-0.36094000935554504,0.0,1.0,0.0,0.0,0.0,1.0,1.0,2.0,0.0,1.0,1.0,1.0,0.0,0.0,1.0,0.0,0.0,0.0,0.0,0.3250740170478821,0.558776203,6.471721498,5.912945295,3.8397865295410156,2.0731587409973145
55,-0.007653906941413879,0.19681812822818756,-0.3608979880809784,-0.8796060085296631,0.6836720705032349,-1.1890180110931396,0.0,0.0,0.0,1.0,0.0,0.0,1.0,2.0,0.0,0.0,0.0,1.0,0.0,1.0,0.0,0.0,0.0,0.0,0.0,0.031714629381895065,0.892652828,6.626253415,5.733600587,4.1376237869262695,1.5959768295288086
56,1.3109304904937744,0.9963462352752686,-1.1056239604949951,-0.8796060085296631,0.4961204528808594,-1.685864806175232,1.0,0.0,0.0,1.0,0.0,0.0,0.0,2.0,0.0,1.0,1.0,1.0,0.0,0.0,0.0,0.0,0.0,0.0,0.0,0.06002799794077873,2.249979707,4.49775614,2.247776433,3.9388575553894043,-1.6910810470581055
57,1.0645065307617188,1.2121639251708984,0.011464990675449371,-0.8796060085296631,-0.004017170052975416,-0.029708821326494217,1.0,0.0,1.0,1.0,0.0,0.0,0.0,2.0,0.0,1.0,1.0,1.0,1.0,0.0,0.0,0.0,0.0,0.0,0.0,0.38565292954444885,1.950410991,7.9340372089999995,5.9836262179999995,3.9336800575256348,2.0499463081359863
58,-0.8939155340194702,-0.6027100086212158,1.1285539865493774,-0.8796060085296631,-1.1918439865112305,-1.5202491283416748,1.0,0.0,1.0,1.0,0.0,0.0,1.0,2.0,0.0,0.0,1.0,1.0,0.0,0.0,0.0,0.0,0.0,1.0,0.0,0.01275901310145855,0.7503001709999999,5.6488051310000005,4.89850496,4.035425186157227,0.8630795478820801
59,-0.14815880358219147,0.19681812822818756,0.38382798433303833,1.2030110359191895,0.9962580800056458,0.6327535510063171,1.0,0.0,1.0,1.0,0.0,0.0,1.0,1.0,1.0,1.0,0.0,1.0,0.0,1.0,0.0,0.0,0.0,0.0,0.0,0.004250132944434881,4.988575376,7.1093290289999995,2.1207536529999995,3.6376893520355225,-1.5169355869293213
60,-1.931490182876587,2.595402479171753,0.7561909556388855,-0.8796060085296631,1.3088440895080566,0.13590677082538605,0.0,0.0,1.0,0.0,1.0,0.0,1.0,2.0,0.0,1.0,0.0,1.0,0.0,0.0,1.0,0.0,0.0,0.0,0.0,0.0055580176413059235,1.628172172,6.474475117000001,4.846302945000001,4.1841254234313965,0.662177562713623
61,0.2517397403717041,0.5965821743011475,-0.733260989189148,-0.8796060085296631,1.871498942375183,-0.36094000935554504,1.0,0.0,1.0,0.0,1.0,0.0,1.0,2.0,1.0,1.0,1.0,1.0,0.0,0.0,1.0,0.0,0.0,0.0,0.0,0.45556217432022095,2.648259748,6.830791014,4.182531266,4.0373735427856445,0.1451578140258789
62,-0.31027984619140625,-0.7177214026451111,1.5009169578552246,-0.8796060085296631,-0.5666719675064087,-1.685864806175232,0.0,0.0,0.0,1.0,0.0,0.0,0.0,2.0,0.0,1.0,1.0,1.0,0.0,0.0,0.0,0.0,0.0,0.0,1.0,0.7329497337341309,0.9351997459999999,7.074604982,6.139405236,4.70564079284668,1.4337644577026367
63,0.9434561729431152,0.5965821743011475,-0.733260989189148,0.16170252859592438,1.0587753057479858,0.9639847278594971,1.0,0.0,1.0,0.0,0.0,1.0,0.0,1.0,0.0,1.0,1.0,1.0,0.0,1.0,0.0,0.0,0.0,0.0,0.0,0.07939323037862778,2.271276635,5.974277097000001,3.7030004620000008,3.9570977687835693,-0.25409722328186035
64,-0.24543142318725586,-0.20294594764709473,-0.3608979880809784,-0.8796060085296631,0.4961204528808594,-0.6921712160110474,1.0,0.0,0.0,0.0,0.0,1.0,1.0,2.0,0.0,1.0,1.0,1.0,0.0,0.0,1.0,0.0,0.0,0.0,0.0,0.16320516169071198,2.447780028,4.541891368,2.09411134,3.7209997177124023,-1.6268882751464844
65,-1.6504803895950317,-1.802002191543579,1.1285539865493774,2.244319438934326,0.4336032569408417,0.4671379625797272,1.0,0.0,0.0,1.0,0.0,0.0,1.0,1.0,0.0,0.0,0.0,0.0,0.0,1.0,0.0,0.0,0.0,0.0,0.0,0.003944741562008858,4.3170164060000005,5.849073207999999,1.5320568019999987,2.0268096923828125,-0.4947528839111328
66,-1.8666417598724365,-1.402238130569458,0.011464990675449371,-0.8796060085296631,2.30911922454834,-0.8577867746353149,1.0,0.0,1.0,1.0,0.0,0.0,1.0,2.0,0.0,1.0,1.0,1.0,0.0,0.0,0.0,0.0,0.0,0.0,1.0,0.15160419046878815,0.858432138,6.363141217000001,5.504709079000001,4.123633861541748,1.381075382232666
67,-0.39674437046051025,-0.6027100086212158,0.38382798433303833,-0.8796060085296631,-0.6917064189910889,1.1296002864837646,0.0,0.0,1.0,0.0,1.0,0.0,0.0,2.0,0.0,1.0,1.0,1.0,0.0,0.0,1.0,0.0,0.0,0.0,0.0,0.22031274437904358,4.01208879,6.4531784000000005,2.4410896100000006,3.91005277633667,-1.4689631462097168
68,1.431980848312378,1.3961102962493896,-1.1056239604949951,-0.8796060085296631,-0.5041548013687134,-0.8577867746353149,0.0,0.0,1.0,0.0,1.0,0.0,0.0,2.0,0.0,1.0,1.0,1.0,0.0,0.0,1.0,0.0,0.0,0.0,0.0,0.2107561230659485,0.021098075,6.409135843,6.388037767999999,3.705188751220703,2.6828489303588867
69,1.15961754322052,0.5965821743011475,-0.733260989189148,1.2030110359191895,0.3085688352584839,-0.6921712160110474,1.0,0.0,1.0,0.0,1.0,0.0,0.0,1.0,0.0,1.0,0.0,1.0,0.0,0.0,0.0,0.0,0.0,1.0,0.0,0.2613469958305359,-0.16839529,5.631014156,5.799409446,3.8372743129730225,1.9621350765228271
70,1.15961754322052,0.5965821743011475,-1.1056239604949951,0.16170252859592438,0.6211548447608948,-0.6921712160110474,1.0,0.0,0.0,1.0,0.0,0.0,0.0,1.0,0.0,1.0,0.0,1.0,0.0,0.0,0.0,0.0,1.0,0.0,0.0,0.004579164087772369,1.470010078,7.000989197999999,5.53097912,4.32662296295166,1.2043561935424805
71,-2.1692676544189453,-1.4592444896697998,2.6180057525634766,-0.8796060085296631,0.6836720705032349,-1.3546335697174072,0.0,0.0,0.0,1.0,0.0,0.0,0.0,2.0,0.0,1.0,0.0,1.0,0.0,0.0,0.0,0.0,0.0,0.0,0.0,0.0014078343519940972,1.884965559,6.987851182999999,5.102885623999999,4.164036273956299,0.9388494491577148
72,-1.0452284812927246,-1.002474069595337,1.1285539865493774,1.2030110359191895,0.2460516393184662,-1.1890180110931396,0.0,0.0,0.0,1.0,0.0,0.0,0.0,1.0,0.0,1.0,1.0,0.0,0.0,0.0,0.0,0.0,0.0,1.0,0.0,0.0012679614592343569,3.117967835,6.102727776,2.984759941,4.234070777893066,-1.2493107318878174
73,0.8137593269348145,0.5965821743011475,-0.733260989189148,0.16170252859592438,-0.7542235851287842,0.13590677082538605,1.0,0.0,0.0,0.0,0.0,1.0,1.0,1.0,0.0,1.0,1.0,1.0,0.0,0.0,0.0,0.0,1.0,0.0,0.0,0.05576378479599953,1.2055009490000002,7.42454888,6.2190479309999995,4.069739818572998,2.149308204650879
74,1.1812336444854736,0.5965821743011475,-1.8503499031066895,0.16170252859592438,0.4961204528808594,-0.029708821326494217,0.0,0.0,0.0,1.0,0.0,0.0,1.0,1.0,1.0,1.0,1.0,1.0,0.0,0.0,0.0,0.0,0.0,1.0,0.0,0.010624815709888935,3.326411684,6.813544309,3.487132625,3.643739938735962,-0.15660738945007324
75,1.1812336444854736,0.19681812822818756,-1.4779869318008423,0.16170252859592438,0.7461892366409302,0.4671379625797272,0.0,0.0,0.0,0.0,1.0,0.0,0.0,1.0,0.0,1.0,1.0,1.0,0.0,0.0,0.0,0.0,0.0,0.0,0.0,0.004566360730677843,1.84258309,4.949536909,3.106953819,4.135252475738525,-1.0282986164093018
76,-0.526441216468811,-0.6027100086212158,0.7561909556388855,1.2030110359191895,-0.4416375756263733,-0.8577867746353149,0.0,0.0,1.0,1.0,0.0,0.0,0.0,1.0,0.0,1.0,1.0,0.0,0.0,0.0,0.0,0.0,0.0,1.0,0.0,0.001375894877128303,1.5746652190000001,6.605022905,5.030357686,4.188532829284668,0.841825008392334
77,-1.2181576490402222,-0.6027100086212158,-0.3608979880809784,1.2030110359191895,-1.9420504570007324,-0.029708821326494217,0.0,0.0,1.0,0.0,0.0,1.0,0.0,1.0,0.0,1.0,0.0,1.0,0.0,0.0,0.0,1.0,0.0,0.0,0.0,0.025976352393627167,3.271907407,7.828267342,4.556359935,3.9628167152404785,0.5935430526733398
78,0.7272947430610657,0.5965821743011475,-0.733260989189148,0.16170252859592438,0.4961204528808594,1.4608315229415894,1.0,1.0,1.0,0.0,0.0,1.0,0.0,1.0,0.0,1.0,1.0,1.0,0.0,0.0,0.0,0.0,1.0,0.0,0.0,0.2048347443342209,4.0241907260000005,8.311601708,4.287410981999999,2.7526516914367676,1.534759521484375
79,0.7056786417961121,0.9963462352752686,-0.3608979880809784,-0.8796060085296631,1.1212924718856812,0.13590677082538605,0.0,0.0,1.0,0.0,0.0,1.0,0.0,2.0,0.0,1.0,1.0,1.0,0.0,0.0,0.0,0.0,0.0,0.0,0.0,0.28372547030448914,1.622114059,6.948792025,5.326677966,4.03605842590332,1.2906193733215332
80,1.419011116027832,0.5965821743011475,-1.4779869318008423,1.2030110359191895,0.058500032871961594,2.7857563495635986,0.0,0.0,1.0,0.0,0.0,0.0,1.0,1.0,1.0,1.0,0.0,1.0,0.0,0.0,0.0,0.0,0.0,0.0,1.0,0.04873965308070183,11.26822777,9.805163556,-1.4630642139999992,-0.17824769020080566,-1.2848165035247803
81,-0.6561380624771118,-1.002474069595337,0.7561909556388855,0.16170252859592438,0.6211548447608948,-0.526555597782135,1.0,0.0,0.0,0.0,1.0,0.0,0.0,1.0,0.0,1.0,0.0,1.0,0.0,0.0,0.0,0.0,0.0,1.0,0.0,0.002045875880867243,3.987803135,5.088698493,1.1008953579999998,4.242915153503418,-3.142019748687744
82,1.332546591758728,0.9963462352752686,-1.4779869318008423,-0.8796060085296631,-0.1290515810251236,0.6327535510063171,0.0,0.0,0.0,0.0,1.0,0.0,1.0,2.0,0.0,1.0,1.0,0.0,0.0,0.0,0.0,0.0,1.0,0.0,0.0,0.010553237050771713,1.8302409080000002,6.898286845,5.068045937,3.6168532371520996,1.451192855834961
83,-0.48320892453193665,-0.20294594764709473,1.1285539865493774,0.16170252859592438,-0.7542235851287842,-0.36094000935554504,0.0,1.0,1.0,0.0,1.0,0.0,0.0,1.0,0.0,1.0,1.0,1.0,1.0,0.0,0.0,0.0,0.0,0.0,0.0,0.005964748561382294,0.949848569,6.21073546,5.260886891,4.11129093170166,1.1495957374572754
84,-1.8017933368682861,-1.402238130569458,1.8732799291610718,0.16170252859592438,-1.0668096542358398,0.7983691692352295,0.0,0.0,1.0,0.0,0.0,0.0,0.0,1.0,0.0,1.0,0.0,1.0,0.0,0.0,0.0,0.0,0.0,0.0,0.0,0.002219981048256159,3.161536818,5.216140307,2.054603489,4.004670143127441,-1.9500665664672852
85,0.8137593269348145,-0.3738693296909332,-0.733260989189148,0.16170252859592438,0.058500032871961594,-1.1890180110931396,1.0,0.0,0.0,1.0,0.0,0.0,0.0,1.0,0.0,1.0,1.0,1.0,0.0,0.0,0.0,0.0,0.0,1.0,0.0,0.002804255811497569,0.906938386,5.813398962999999,4.906460576999999,3.8470585346221924,1.0594022274017334
86,0.07881063967943192,0.19681812822818756,1.1285539865493774,-0.8796060085296631,-0.0665343701839447,2.288909435272217,1.0,0.0,1.0,0.0,0.0,1.0,0.0,2.0,0.0,1.0,1.0,1.0,0.0,0.0,1.0,0.0,0.0,0.0,0.0,0.06627335399389267,5.229642233,8.477253667000001,3.2476114340000013,1.994710922241211,1.2529006004333496
87,1.4406273365020752,1.3961102962493896,-0.3608979880809784,-0.8796060085296631,-0.8792579770088196,-1.5202491283416748,0.0,0.0,0.0,1.0,0.0,0.0,0.0,2.0,0.0,1.0,0.0,1.0,0.0,0.0,0.0,1.0,0.0,0.0,0.0,0.04109695553779602,-1.3910353659999999,6.375855937000001,7.766891303,4.217623710632324,3.5492677688598633
88,0.2625478208065033,0.5965821743011475,-0.733260989189148,-0.8796060085296631,0.9962580800056458,0.3015223741531372,0.0,1.0,0.0,0.0,0.0,1.0,1.0,2.0,0.0,1.0,1.0,1.0,0.0,0.0,1.0,0.0,0.0,0.0,0.0,0.14264464378356934,2.847536332,7.4499320120000005,4.602395680000001,3.5152037143707275,1.0871918201446533
89,0.3165881633758545,0.5965821743011475,-0.3608979880809784,-0.8796060085296631,0.3710860311985016,-1.1890180110931396,1.0,0.0,1.0,0.0,1.0,0.0,0.0,2.0,0.0,1.0,0.0,1.0,0.0,1.0,0.0,0.0,0.0,0.0,0.0,0.39321961998939514,1.938568293,6.221719527,4.283151234,4.065742015838623,0.2174091339111328
90,0.8353754281997681,0.19681812822818756,-0.733260989189148,-0.8796060085296631,-0.004017170052975416,-1.3546335697174072,0.0,0.0,0.0,1.0,0.0,0.0,0.0,2.0,0.0,1.0,0.0,1.0,0.0,0.0,0.0,0.0,1.0,0.0,0.0,0.019764235243201256,1.400111695,6.1533867739999994,4.753275079,4.220183849334717,0.5330910682678223
91,0.7489109039306641,0.5965821743011475,-0.733260989189148,-0.8796060085296631,-0.6291891932487488,-1.5202491283416748,0.0,0.0,0.0,1.0,0.0,0.0,0.0,2.0,0.0,1.0,0.0,1.0,0.0,0.0,0.0,0.0,0.0,1.0,0.0,0.042449429631233215,1.973377421,6.406712964,4.433335543,4.138798713684082,0.2945370674133301
92,1.15961754322052,0.5965821743011475,0.011464990675449371,-0.8796060085296631,-0.8167408108711243,0.6327535510063171,0.0,0.0,1.0,0.0,0.0,1.0,0.0,2.0,0.0,1.0,0.0,1.0,0.0,1.0,0.0,0.0,0.0,0.0,0.0,0.047222718596458435,3.890764639,5.9958155,2.105050861,4.076947212219238,-1.9718964099884033
93,1.15961754322052,-0.20294594764709473,-0.733260989189148,-0.8796060085296631,0.8087064623832703,-0.36094000935554504,0.0,0.0,0.0,0.0,1.0,0.0,1.0,2.0,0.0,1.0,1.0,1.0,0.0,0.0,0.0,0.0,0.0,0.0,0.0,0.07221748679876328,0.303088418,4.736109516,4.433021098,4.340700626373291,0.09232044219970703
94,0.1436590552330017,0.19681812822818756,-1.4779869318008423,1.2030110359191895,0.9337408542633057,2.123293876647949,0.0,1.0,1.0,1.0,0.0,0.0,0.0,1.0,0.0,1.0,0.0,1.0,0.0,0.0,0.0,0.0,0.0,1.0,0.0,0.01649133861064911,6.7474655310000005,7.109092722000001,0.3616271910000002,1.4541696310043335,-1.0925424098968506
95,-1.9747223854064941,-2.2017662525177,2.6180057525634766,-0.8796060085296631,-0.6291891932487488,-0.526555597782135,1.0,0.0,1.0,0.0,0.0,1.0,1.0,2.0,0.0,1.0,1.0,1.0,1.0,0.0,0.0,0.0,0.0,0.0,0.0,0.18180973827838898,3.2154020219999997,5.272286885,2.056884863,4.181729793548584,-2.124845027923584
96,0.07881063967943192,0.19681812822818756,-0.733260989189148,-0.8796060085296631,0.6211548447608948,-1.1890180110931396,1.0,0.0,0.0,1.0,0.0,0.0,0.0,2.0,0.0,1.0,0.0,1.0,0.0,1.0,0.0,0.0,0.0,0.0,0.0,0.03739354759454727,-0.211562243,4.089371302,4.300933545,4.009453296661377,0.29148006439208984
97,0.8353754281997681,1.3961102962493896,0.011464990675449371,2.244319438934326,0.058500032871961594,1.1296002864837646,0.0,0.0,1.0,0.0,1.0,0.0,0.0,1.0,1.0,1.0,1.0,1.0,0.0,0.0,0.0,0.0,0.0,0.0,0.0,0.03874902054667473,5.585600505,7.23481984,1.6492193349999997,2.1463325023651123,-0.49711310863494873
98,0.3814365565776825,0.19681812822818756,-0.3608979880809784,2.244319438934326,0.9337408542633057,-0.526555597782135,1.0,0.0,1.0,0.0,0.0,1.0,0.0,1.0,0.0,1.0,1.0,1.0,0.0,0.0,1.0,0.0,0.0,0.0,0.0,0.6387937068939209,2.801940231,5.165661119,2.363720888,3.8652563095092773,-1.501535415649414
99,1.332546591758728,1.3961102962493896,-1.4779869318008423,0.16170252859592438,0.6836720705032349,-1.0234023332595825,0.0,1.0,0.0,0.0,1.0,0.0,0.0,1.0,0.0,1.0,0.0,1.0,0.0,0.0,0.0,1.0,0.0,0.0,0.0,0.008461526595056057,2.315751947,4.777930204,2.4621782569999997,4.79638147354126,-2.3342032432556152
100,1.0299206972122192,-0.20294594764709473,-0.3608979880809784,-0.8796060085296631,-1.5669472217559814,-0.8577867746353149,0.0,0.0,0.0,1.0,0.0,0.0,1.0,2.0,0.0,1.0,0.0,1.0,0.0,0.0,0.0,1.0,0.0,0.0,0.0,0.04157118871808052,1.34627528,6.927687604,5.581412324,4.270633697509766,1.3107786178588867
101,0.8137593269348145,0.5965821743011475,0.011464990675449371,0.16170252859592438,0.1835344433784485,-0.8577867746353149,0.0,0.0,0.0,0.0,1.0,0.0,0.0,1.0,0.0,1.0,0.0,1.0,0.0,0.0,0.0,0.0,0.0,1.0,0.0,0.0058050029911100864,0.3112368,6.550791171,6.2395543710000005,4.086325645446777,2.153228759765625
102,-0.5480573177337646,0.19681812822818756,0.011464990675449371,1.2030110359191895,-2.067084789276123,0.7983691692352295,0.0,0.0,0.0,1.0,0.0,0.0,0.0,1.0,0.0,1.0,0.0,1.0,0.0,1.0,0.0,0.0,0.0,0.0,0.0,0.03780288249254227,3.8932285889999996,7.998081331,4.104852742,3.7891225814819336,0.31573009490966797
103,0.7705270648002625,0.9963462352752686,-0.3608979880809784,0.16170252859592438,1.1838096380233765,-0.029708821326494217,1.0,0.0,1.0,0.0,1.0,0.0,0.0,1.0,0.0,1.0,1.0,1.0,1.0,0.0,0.0,0.0,0.0,0.0,0.0,0.08258159458637238,2.054759716,6.773372509,4.718612793,4.137555122375488,0.5810575485229492
104,1.3541628122329712,0.19681812822818756,-1.1056239604949951,1.2030110359191895,0.8712236881256104,-0.36094000935554504,1.0,0.0,0.0,1.0,0.0,0.0,1.0,1.0,0.0,1.0,1.0,1.0,0.0,0.0,0.0,0.0,0.0,0.0,1.0,0.37798842787742615,1.6170611000000001,5.579096532,3.9620354320000004,4.3898844718933105,-0.42784905433654785
105,-0.7426025867462158,-0.978717029094696,1.1285539865493774,-0.8796060085296631,0.12101723253726959,-0.36094000935554504,1.0,0.0,1.0,0.0,0.0,0.0,0.0,2.0,0.0,1.0,1.0,1.0,0.0,0.0,0.0,0.0,0.0,0.0,0.0,0.30470478534698486,1.028770687,6.158913693,5.130143006,4.052003383636475,1.0781397819519043
106,-1.1533092260360718,-1.402238130569458,1.1285539865493774,0.16170252859592438,0.3710860311985016,0.6327535510063171,1.0,0.0,0.0,0.0,1.0,0.0,1.0,1.0,0.0,1.0,0.0,1.0,0.0,1.0,0.0,0.0,0.0,0.0,0.0,0.03549312427639961,1.174244978,6.515582009,5.341337031,4.151228904724121,1.190108299255371
107,-1.9098739624023438,-2.6015303134918213,2.6180057525634766,0.16170252859592438,-1.754498839378357,-1.0234023332595825,1.0,0.0,0.0,1.0,0.0,0.0,0.0,1.0,0.0,1.0,0.0,0.0,0.0,0.0,0.0,0.0,0.0,1.0,0.0,0.0012742497492581606,1.8229236030000002,8.138209957,6.315286354,3.7986021041870117,2.516684055328369
108,1.419011116027832,0.19681812822818756,-1.4779869318008423,-0.8796060085296631,-0.0665343701839447,-1.5202491283416748,1.0,0.0,0.0,1.0,0.0,0.0,0.0,2.0,0.0,1.0,1.0,0.0,0.0,0.0,0.0,0.0,1.0,0.0,0.0,0.00206680316478014,1.200505221,4.124909934,2.9244047129999995,4.082116603851318,-1.1577119827270508
109,-0.7642187476158142,-1.002474069595337,0.7561909556388855,-0.8796060085296631,-0.0665343701839447,-0.8577867746353149,1.0,0.0,0.0,1.0,0.0,0.0,1.0,2.0,0.0,0.0,0.0,1.0,0.0,0.0,0.0,0.0,0.0,0.0,1.0,0.3299448788166046,2.473165969,7.447736827999999,4.974570858999999,4.489513397216797,0.48505735397338867
110,0.3165881633758545,0.5965821743011475,-0.733260989189148,0.16170252859592438,0.2460516393184662,-1.0234023332595825,0.0,0.0,0.0,0.0,1.0,0.0,0.0,1.0,0.0,1.0,1.0,1.0,1.0,0.0,0.0,0.0,0.0,0.0,0.0,0.0031078059691935778,0.392984471,5.288076115,4.895091644,3.914257526397705,0.9808340072631836
111,0.1652752012014389,0.19681812822818756,-1.1056239604949951,2.244319438934326,0.6211548447608948,1.4608315229415894,1.0,0.0,1.0,0.0,0.0,1.0,0.0,1.0,0.0,1.0,1.0,1.0,1.0,0.0,0.0,0.0,0.0,0.0,0.0,0.17308002710342407,5.403642144,6.681973315,1.2783311709999996,3.8682971000671387,-2.5899658203125
112,-0.7858348488807678,-0.6027100086212158,0.011464990675449371,0.16170252859592438,0.3710860311985016,-1.1890180110931396,0.0,0.0,0.0,1.0,0.0,0.0,1.0,1.0,1.0,0.0,0.0,1.0,0.0,0.0,0.0,0.0,1.0,0.0,0.0,0.0019330407958477736,1.8796357259999998,7.711458925,5.831823199,4.317662715911865,1.5141606330871582
113,-0.007653906941413879,-0.20294594764709473,0.7561909556388855,0.16170252859592438,0.2460516393184662,-0.029708821326494217,1.0,1.0,1.0,0.0,0.0,1.0,1.0,1.0,0.0,1.0,1.0,1.0,0.0,0.0,0.0,0.0,0.0,0.0,0.0,0.2035047560930252,3.649684391,5.727380144,2.0776957529999995,3.9039344787597656,-1.8262386322021484
114,0.10042677819728851,0.19681812822818756,0.7561909556388855,0.16170252859592438,-1.4419127702713013,-0.6921712160110474,0.0,0.0,1.0,0.0,0.0,1.0,1.0,1.0,1.0,1.0,0.0,1.0,0.0,0.0,1.0,0.0,0.0,0.0,0.0,0.04788714274764061,4.490539842,6.535752546,2.0452127040000008,4.201141357421875,-2.155928611755371
115,-1.5640158653259277,-1.802002191543579,1.5009169578552246,-0.8796060085296631,0.7461892366409302,0.6327535510063171,1.0,0.0,1.0,0.0,0.0,0.0,0.0,2.0,1.0,1.0,1.0,1.0,0.0,0.0,0.0,0.0,0.0,0.0,0.0,0.09949386119842529,2.8472159880000003,6.877322477000001,4.0301064890000005,4.173634052276611,-0.14352750778198242
116,-1.607248067855835,-1.402238130569458,0.7561909556388855,0.16170252859592438,-1.4419127702713013,-1.0234023332595825,0.0,0.0,0.0,1.0,0.0,0.0,0.0,1.0,0.0,1.0,0.0,1.0,0.0,0.0,0.0,1.0,0.0,0.0,0.0,0.009346716105937958,1.7230128359999999,6.854375167000001,5.131362331000001,4.726324558258057,0.40503787994384766
117,-0.007653906941413879,-0.20294594764709473,-0.3608979880809784,-0.8796060085296631,0.4961204528808594,1.4608315229415894,1.0,0.0,0.0,0.0,0.0,0.0,0.0,2.0,0.0,1.0,1.0,1.0,0.0,0.0,1.0,0.0,0.0,0.0,0.0,0.2764512598514557,2.610828931,5.836609172,3.2257802410000003,4.1717071533203125,-0.9459269046783447
118,0.9218400120735168,1.3961102962493896,-0.3608979880809784,2.244319438934326,0.8712236881256104,0.3015223741531372,1.0,0.0,0.0,0.0,0.0,1.0,1.0,1.0,0.0,0.0,0.0,1.0,0.0,0.0,0.0,1.0,0.0,0.0,0.0,0.054604582488536835,3.597912233,6.016179554,2.4182673209999996,3.683842182159424,-1.2655749320983887
119,-1.4559351205825806,-1.002474069595337,1.5009169578552246,0.16170252859592438,-0.8792579770088196,-0.36094000935554504,1.0,0.0,1.0,0.0,1.0,0.0,0.0,1.0,1.0,1.0,1.0,1.0,0.0,0.0,0.0,0.0,0.0,0.0,0.0,0.02285650558769703,2.936527082,3.616210557,0.679683475,4.193617820739746,-3.513934373855591
120,-0.07250232249498367,0.5965821743011475,-0.733260989189148,2.244319438934326,1.8089816570281982,0.6327535510063171,1.0,0.0,0.0,0.0,1.0,0.0,1.0,1.0,0.0,1.0,0.0,1.0,1.0,0.0,0.0,0.0,0.0,0.0,0.0,0.012550858780741692,4.3672106610000005,7.920735189,3.5535245279999996,4.355992794036865,-0.8024682998657227
121,-1.4127027988433838,-1.002474069595337,1.5009169578552246,-0.8796060085296631,-0.4416375756263733,0.7983691692352295,1.0,1.0,1.0,0.0,0.0,0.0,0.0,2.0,0.0,1.0,1.0,1.0,0.0,0.0,1.0,0.0,0.0,0.0,0.0,0.21780864894390106,2.506373627,7.54952939,5.043155763,3.9004855155944824,1.1426701545715332
122,0.2301236093044281,0.5965821743011475,-0.733260989189148,-0.8796060085296631,-0.2540859878063202,-0.029708821326494217,0.0,0.0,1.0,0.0,0.0,1.0,0.0,2.0,1.0,1.0,1.0,1.0,0.0,0.0,0.0,0.0,1.0,0.0,0.0,0.2644854187965393,2.009034235,5.932198669,3.923164434,4.218041896820068,-0.2948775291442871
123,1.246082067489624,0.9963462352752686,-0.3608979880809784,0.16170252859592438,-2.0045676231384277,-0.526555597782135,0.0,0.0,0.0,0.0,1.0,0.0,0.0,1.0,0.0,1.0,1.0,1.0,0.0,0.0,0.0,1.0,0.0,0.0,0.0,0.34632185101509094,1.7927476119999999,6.469448292999999,4.676700681,3.7292356491088867,0.9474649429321289
124,0.7597189545631409,0.9963462352752686,-0.733260989189148,-0.8796060085296631,0.6836720705032349,0.4671379625797272,1.0,0.0,1.0,0.0,0.0,1.0,0.0,2.0,0.0,1.0,1.0,1.0,1.0,0.0,0.0,0.0,0.0,0.0,0.0,0.09485065191984177,-0.215901519,6.018299927999999,6.234201446999999,4.1753740310668945,2.0588274002075195
125,1.0515367984771729,1.7958743572235107,-1.1056239604949951,0.16170252859592438,-0.6291891932487488,0.9639847278594971,1.0,0.0,1.0,1.0,0.0,0.0,0.0,1.0,0.0,1.0,1.0,1.0,0.0,0.0,0.0,0.0,0.0,0.0,1.0,0.06350498646497726,4.164164453,7.055788556,2.8916241030000007,4.242455959320068,-1.3508317470550537
126,0.7056786417961121,0.9963462352752686,-1.1056239604949951,-0.8796060085296631,1.5589128732681274,-1.3546335697174072,1.0,0.0,0.0,1.0,0.0,0.0,0.0,2.0,0.0,1.0,0.0,1.0,0.0,1.0,0.0,0.0,0.0,0.0,0.0,0.03012780100107193,0.43495591200000006,6.243417753999999,5.808461841999999,3.9350028038024902,1.8734588623046875
127,0.3900830149650574,0.5965821743011475,-1.8503499031066895,-0.8796060085296631,-0.004017170052975416,-0.8577867746353149,0.0,0.0,0.0,0.0,0.0,1.0,1.0,2.0,0.0,1.0,0.0,1.0,1.0,0.0,0.0,0.0,0.0,0.0,0.0,0.041163694113492966,1.3662056919999999,5.697239363,4.331033671,4.19110107421875,0.13993263244628906
128,-1.5640158653259277,-1.002474069595337,1.8732799291610718,-0.8796060085296631,0.7461892366409302,0.9639847278594971,1.0,0.0,0.0,0.0,0.0,1.0,0.0,2.0,1.0,1.0,1.0,1.0,0.0,0.0,1.0,0.0,0.0,0.0,0.0,0.050979819148778915,2.9006187999999997,8.124109307000001,5.223490507000001,3.5732593536376953,1.6502313613891602
129,-0.11573459208011627,-0.20294594764709473,-0.733260989189148,0.16170252859592438,-0.004017170052975416,-1.3546335697174072,1.0,1.0,0.0,1.0,0.0,0.0,0.0,1.0,0.0,1.0,0.0,1.0,1.0,0.0,0.0,0.0,0.0,0.0,0.0,0.08018743246793747,0.260138702,4.944882101,4.684743399,4.573008060455322,0.11173534393310547
130,-0.16977493464946747,-0.6027100086212158,0.7561909556388855,-0.8796060085296631,-1.1293268203735352,-0.526555597782135,1.0,0.0,1.0,1.0,0.0,0.0,0.0,2.0,0.0,1.0,1.0,1.0,0.0,0.0,1.0,0.0,0.0,0.0,0.0,0.4686046540737152,0.493409983,6.753249632999999,6.259839649999999,4.058544158935547,2.2012953758239746
131,0.2733558714389801,-0.20294594764709473,-0.3608979880809784,1.2030110359191895,0.12101723253726959,-0.029708821326494217,1.0,1.0,1.0,1.0,0.0,0.0,0.0,1.0,0.0,1.0,1.0,1.0,0.0,0.0,0.0,0.0,0.0,1.0,0.0,0.04401397332549095,2.3709654369999997,6.867284299,4.496318862,3.77817964553833,0.7181391716003418
132,1.15961754322052,0.9963462352752686,0.011464990675449371,-0.8796060085296631,-0.1290515810251236,-0.36094000935554504,1.0,0.0,1.0,0.0,0.0,1.0,0.0,2.0,0.0,1.0,0.0,1.0,0.0,1.0,0.0,0.0,0.0,0.0,0.0,0.035938769578933716,1.235664868,8.094804053999999,6.859139185999999,4.157709121704102,2.701429843902588
133,0.4246688485145569,0.5965821743011475,-0.733260989189148,1.2030110359191895,1.4338785409927368,0.4671379625797272,1.0,0.0,0.0,1.0,0.0,0.0,1.0,1.0,0.0,1.0,1.0,1.0,1.0,0.0,0.0,0.0,0.0,0.0,0.0,0.16080360114574432,1.63805888,6.369189525,4.731130645,4.128267765045166,0.6028628349304199
134,-0.28866368532180786,-0.20294594764709473,-1.4779869318008423,-0.8796060085296631,1.6214300394058228,0.4671379625797272,1.0,0.0,1.0,0.0,0.0,0.0,0.0,2.0,0.0,1.0,1.0,1.0,0.0,0.0,0.0,0.0,0.0,0.0,0.0,0.23870624601840973,3.076367752,7.554212395,4.477844643000001,4.4137797355651855,0.06406497955322266
135,-0.13735073804855347,0.5965821743011475,-0.3608979880809784,-0.8796060085296631,0.4961204528808594,0.13590677082538605,0.0,0.0,1.0,0.0,1.0,0.0,1.0,2.0,1.0,1.0,1.0,1.0,0.0,0.0,0.0,0.0,0.0,0.0,0.0,0.4480874538421631,2.928104678,5.311445008,2.38334033,3.7950456142425537,-1.4117052555084229
136,1.0083045959472656,0.9963462352752686,-1.4779869318008423,0.16170252859592438,-0.1290515810251236,0.3015223741531372,1.0,0.0,1.0,0.0,0.0,0.0,0.0,1.0,0.0,1.0,0.0,1.0,0.0,0.0,0.0,0.0,0.0,0.0,1.0,0.22088110446929932,2.075278183,6.7091190460000005,4.6338408630000005,4.361354827880859,0.27248620986938477
137,0.4246688485145569,0.5965821743011475,-1.4779869318008423,-0.8796060085296631,1.0587753057479858,0.6327535510063171,1.0,0.0,0.0,0.0,1.0,0.0,0.0,2.0,1.0,1.0,1.0,1.0,0.0,0.0,1.0,0.0,0.0,0.0,0.0,0.08798348903656006,4.0799592680000005,7.5307991460000006,3.450839878,3.796156406402588,-0.34531641006469727
138,0.4246688485145569,0.6991774439811707,0.7561909556388855,1.2030110359191895,0.058500032871961594,0.7983691692352295,0.0,1.0,1.0,0.0,0.0,0.0,0.0,1.0,0.0,1.0,0.0,1.0,0.0,0.0,0.0,0.0,0.0,0.0,0.0,0.2076578289270401,2.9471984360000003,8.077081688,5.129883251999999,3.485781192779541,1.6441020965576172
139,-0.6993703246116638,0.19681812822818756,0.7561909556388855,-0.8796060085296631,1.1838096380233765,-1.1890180110931396,1.0,0.0,0.0,1.0,0.0,0.0,0.0,2.0,0.0,1.0,0.0,1.0,0.0,1.0,0.0,0.0,0.0,0.0,0.0,0.0020686895586550236,1.787881052,6.542804916000001,4.754923864,4.0513505935668945,0.7035732269287109
140,-0.029270043596625328,-0.6027100086212158,-0.3608979880809784,-0.8796060085296631,-0.9417752027511597,-0.029708821326494217,1.0,1.0,1.0,0.0,0.0,0.0,1.0,2.0,0.0,1.0,1.0,1.0,0.0,0.0,0.0,0.0,0.0,0.0,1.0,0.32765620946884155,1.51786845,6.715587652000001,5.197719202000001,3.9613170623779297,1.2364020347595215
141,1.0645065307617188,0.9963462352752686,0.011464990675449371,-0.8796060085296631,-1.6919816732406616,1.626447081565857,0.0,0.0,1.0,0.0,0.0,0.0,1.0,2.0,0.0,1.0,1.0,1.0,1.0,0.0,0.0,0.0,0.0,0.0,0.0,0.030338816344738007,2.563576577,5.584877219,3.021300642,3.1245055198669434,-0.10320496559143066
142,-0.980380117893219,-0.20294594764709473,0.7561909556388855,-0.8796060085296631,0.8087064623832703,0.6327535510063171,1.0,0.0,1.0,0.0,0.0,0.0,1.0,2.0,0.0,1.0,1.0,1.0,0.0,0.0,1.0,0.0,0.0,0.0,0.0,0.051568686962127686,1.734473149,6.967970416,5.233497267,4.025334358215332,1.208162784576416
143,0.8137593269348145,0.9963462352752686,-1.1056239604949951,0.16170252859592438,0.9337408542633057,2.288909435272217,0.0,0.0,1.0,0.0,0.0,0.0,0.0,1.0,1.0,1.0,1.0,1.0,0.0,0.0,0.0,0.0,0.0,0.0,0.0,0.4616900682449341,7.155599037999999,7.875369697000001,0.7197706590000017,1.8147748708724976,-1.0950042009353638
144,-1.0668447017669678,-0.6027100086212158,0.7561909556388855,0.16170252859592438,0.1835344433784485,0.4671379625797272,0.0,0.0,1.0,0.0,0.0,1.0,0.0,1.0,0.0,1.0,1.0,1.0,1.0,0.0,0.0,0.0,0.0,0.0,0.0,0.005957453511655331,1.770974584,5.387644697000001,3.6166701130000005,3.7889699935913086,-0.17229986190795898
145,0.3165881633758545,0.19681812822818756,-0.3608979880809784,0.16170252859592438,-0.1290515810251236,2.288909435272217,0.0,0.0,0.0,0.0,0.0,1.0,0.0,1.0,0.0,1.0,1.0,1.0,0.0,1.0,0.0,0.0,0.0,0.0,0.0,0.07306340336799622,7.068151466000001,8.500508552000001,1.4323570860000006,1.801489233970642,-0.3691321611404419
146,1.4622434377670288,1.7958743572235107,-0.3608979880809784,1.2030110359191895,-1.1293268203735352,-1.1890180110931396,0.0,0.0,0.0,1.0,0.0,0.0,0.0,1.0,0.0,1.0,0.0,1.0,0.0,0.0,0.0,1.0,0.0,0.0,0.0,0.028816688805818558,2.300186474,7.296958477,4.996772003,4.978628158569336,0.018143653869628906
147,-1.2613898515701294,-0.6027100086212158,1.1285539865493774,-0.8796060085296631,1.1212924718856812,0.6327535510063171,1.0,0.0,1.0,0.0,0.0,0.0,0.0,2.0,0.0,1.0,1.0,1.0,0.0,0.0,1.0,0.0,0.0,0.0,0.0,0.11747528612613678,1.803771605,5.838865032,4.0350934270000005,4.168888092041016,-0.13379478454589844
148,0.6840624809265137,0.5965821743011475,-0.3608979880809784,0.16170252859592438,-0.8792579770088196,-0.19532442092895508,0.0,0.0,1.0,0.0,0.0,1.0,0.0,1.0,0.0,1.0,1.0,1.0,1.0,0.0,0.0,0.0,0.0,0.0,0.0,0.29025599360466003,2.1430213080000002,6.561483355,4.418462047,3.897846221923828,0.5206160545349121
149,-2.3205807209014893,-3.0012943744659424,1.8732799291610718,-0.8796060085296631,-0.0665343701839447,-0.526555597782135,1.0,0.0,1.0,0.0,0.0,1.0,0.0,2.0,0.0,1.0,1.0,1.0,1.0,0.0,0.0,0.0,0.0,0.0,0.0,0.008627925999462605,-0.029618395,6.94905175,6.978670145,4.183640003204346,2.795030117034912
