,0
0,0.31485843658447266
1,0.30462411046028137
2,0.0010626298608258367
3,0.0021609393879771233
4,0.0018240336794406176
5,0.010121608152985573
6,0.8531556725502014
7,0.22580648958683014
8,0.1816873550415039
9,0.9643422961235046
10,0.2083747833967209
11,0.37893274426460266
12,0.002145710401237011
13,0.01325012557208538
14,0.21422451734542847
15,0.2198609858751297
16,0.0016518632182851434
17,0.0012363626156002283
18,0.8859246373176575
19,0.6397261023521423
20,0.004902555141597986
21,0.9689846634864807
22,0.22763149440288544
23,0.004175160080194473
24,0.43604642152786255
25,0.002239375142380595
26,0.11232919991016388
27,0.011486433446407318
28,0.22029438614845276
29,0.0836448222398758
30,0.01522614061832428
31,0.003183505265042186
32,0.9008287191390991
33,0.0021505060140043497
34,0.19152548909187317
35,0.22852937877178192
36,0.002196097979322076
37,0.07282643765211105
38,0.0025684162974357605
39,0.04320961609482765
40,0.16930049657821655
41,0.2051609307527542
42,0.2466059923171997
43,0.006578730419278145
44,0.18362393975257874
45,0.30998560786247253
46,0.0023952217306941748
47,0.804489016532898
48,0.22270356118679047
49,0.2224036455154419
50,0.23747190833091736
51,0.2574317157268524
52,0.06261445581912994
53,0.0016197360819205642
54,0.00362005433999002
55,0.9327806234359741
56,0.008604501374065876
57,0.763725221157074
58,0.22228604555130005
59,0.1615951806306839
60,0.015732094645500183
61,0.19999870657920837
62,0.016328729689121246
63,0.008620844222605228
64,0.9607153534889221
65,0.002548409625887871
66,0.2220640927553177
67,0.7717770934104919
68,0.514767587184906
69,0.20735755562782288
70,0.9139937162399292
71,0.9692730903625488
72,0.9372963309288025
73,0.22245006263256073
74,0.0015990128740668297
75,0.23643310368061066
76,0.14677804708480835
77,0.4237282872200012
78,0.0039096614345908165
79,0.2509850263595581
80,0.009961066767573357
81,0.2216581255197525
82,0.12270070612430573
83,0.008610149845480919
84,0.3547784388065338
85,0.8980322480201721
86,0.0041675264947116375
87,0.05146166682243347
88,0.22179867327213287
89,0.0021473157685250044
90,0.2216464728116989
91,0.12576274573802948
92,0.021466882899403572
93,0.4266088306903839
94,0.9693806171417236
95,0.021792147308588028
96,0.009479462169110775
97,0.011477584950625896
98,0.0015981734031811357
99,0.22160203754901886
100,0.27844974398612976
101,0.1112460196018219
102,0.2263111025094986
103,0.22173410654067993
104,0.002150661777704954
105,0.0017584555316716433
106,0.0026708305813372135
107,0.0035534834023565054
108,0.20127415657043457
109,0.030367255210876465
110,0.21429504454135895
111,0.3536399006843567
112,0.21582981944084167
113,0.21990150213241577
114,0.008801976218819618
115,0.20955193042755127
116,0.01615261286497116
117,0.9657195806503296
118,0.0019237239612266421
119,0.2214987874031067
120,0.0018106246134266257
121,0.21747875213623047
122,0.017059318721294403
123,0.31356602907180786
124,0.1881311982870102
125,0.017184050753712654
126,0.26449933648109436
127,0.001805677660740912
128,0.12450095266103745
129,0.0024612760171294212
130,0.0017524344148114324
131,0.22199498116970062
132,0.008451227098703384
133,0.44939762353897095
134,0.26587167382240295
135,0.9381653070449829
136,0.0016046377131715417
137,0.27770400047302246
138,0.22004880011081696
139,0.9106646180152893
140,0.0023403207305818796
141,0.0016991703305393457
142,0.0016840012976899743
143,0.22163857519626617
144,0.0013804631307721138
145,0.8913128972053528
146,0.9749938249588013
147,0.015884967520833015
148,0.008616354316473007
149,0.22151942551136017
