,X1,X2,X3,X4,X5,X6,X7,X8,X9,X10,X11,X12,X13,X14,X15,X16,X17,X18,X19,X20,X21,X22,X23,X24,X25,ps_score,factual,counter_factual,true_ITE,predicted_ITE,diff
0,0.1436590552330017,0.9963462352752686,-0.3608979880809784,0.16170252859592438,0.2460516393184662,-1.3546335697174072,0.0,1.0,0.0,1.0,0.0,0.0,0.0,1.0,0.0,1.0,0.0,1.0,0.0,1.0,0.0,0.0,0.0,0.0,0.0,0.999986810276775,6.3073764820000005,0.8027139990000001,5.504662483000001,4.035253047943115,1.469409465789795
1,-0.5480573177337646,-1.002474069595337,0.011464990675449371,-0.8796060085296631,1.8089816570281982,0.3015223741531372,0.0,0.0,1.0,0.0,0.0,1.0,0.0,2.0,0.0,1.0,1.0,1.0,0.0,0.0,0.0,0.0,0.0,0.0,1.0,0.9986311463187668,7.856637544,3.478763133,4.377874411,3.824380397796631,0.5534939765930176
2,0.7272947430610657,-0.20294594764709473,-0.733260989189148,-0.8796060085296631,0.8087064623832703,1.1296002864837646,0.0,0.0,1.0,0.0,0.0,0.0,0.0,2.0,1.0,1.0,1.0,1.0,0.0,0.0,0.0,0.0,0.0,0.0,0.0,0.81788324001714,5.50167739,4.237157052,1.2645203380000005,3.5981369018554688,-2.3336167335510254
3,0.013962230645120144,-0.6027100086212158,0.011464990675449371,0.16170252859592438,-2.442188024520874,0.3015223741531372,1.0,0.0,1.0,0.0,0.0,1.0,0.0,1.0,0.0,1.0,1.0,1.0,0.0,0.0,0.0,0.0,0.0,0.0,1.0,0.9999929213045063,7.954506553,1.191974244,6.762532309,4.194100379943848,2.568431854248047
4,-0.05088618025183678,0.19681812822818756,1.5009169578552246,-0.8796060085296631,-1.754498839378357,1.1296002864837646,1.0,0.0,0.0,0.0,0.0,1.0,0.0,2.0,0.0,1.0,1.0,1.0,0.0,0.0,0.0,0.0,0.0,0.0,0.0,0.4765893500275396,5.65091291,4.974915197,0.6759977130000001,3.9154598712921143,-3.23946213722229
5,0.9218400120735168,1.3961102962493896,0.011464990675449371,0.16170252859592438,0.058500032871961594,-0.36094000935554504,1.0,1.0,1.0,0.0,1.0,0.0,1.0,1.0,0.0,1.0,1.0,1.0,1.0,0.0,0.0,0.0,0.0,0.0,0.0,0.9982567049324601,5.467703534,1.9469242130000002,3.520779321,3.3501882553100586,0.17059111595153809
6,0.4246688485145569,0.9963462352752686,-0.733260989189148,-0.8796060085296631,0.3085688352584839,-0.029708821326494217,1.0,0.0,1.0,1.0,0.0,0.0,0.0,2.0,0.0,1.0,0.0,1.0,0.0,0.0,0.0,0.0,0.0,1.0,0.0,0.9999892840544727,5.924359234,0.485943254,5.438415979999999,3.9123282432556152,1.526087760925293
7,0.1868913322687149,0.19681812822818756,0.011464990675449371,-0.8796060085296631,-0.1915687769651413,0.9639847278594971,0.0,0.0,1.0,0.0,0.0,0.0,0.0,2.0,0.0,1.0,0.0,1.0,0.0,0.0,1.0,0.0,0.0,0.0,0.0,0.9999642092540983,6.029505475,0.42609908399999996,5.603406391,2.637892961502075,2.9655134677886963
8,1.3973950147628784,0.19681812822818756,-0.3608979880809784,0.16170252859592438,-1.1293268203735352,1.4608315229415894,1.0,0.0,1.0,0.0,0.0,0.0,0.0,1.0,0.0,1.0,1.0,1.0,0.0,0.0,0.0,0.0,0.0,0.0,1.0,0.9987479741284042,6.047718437,2.3671033130000003,3.680615124,2.839756488800049,0.8408586978912354
9,1.15961754322052,0.5965821743011475,-0.3608979880809784,-0.8796060085296631,0.4961204528808594,-0.526555597782135,0.0,0.0,1.0,0.0,1.0,0.0,0.0,2.0,0.0,1.0,1.0,1.0,0.0,0.0,0.0,0.0,0.0,0.0,0.0,0.9994397588286134,3.367979729,-0.38242682200000006,3.750406551,3.949974536895752,-0.1995680332183838
10,-0.5480573177337646,0.5965821743011475,1.5009169578552246,-0.8796060085296631,-1.1918439865112305,-0.8577867746353149,1.0,0.0,1.0,1.0,0.0,0.0,1.0,2.0,1.0,1.0,0.0,1.0,0.0,0.0,0.0,0.0,0.0,1.0,0.0,0.9998791481607441,6.417114586,1.820102696,4.59701189,3.7725117206573486,0.824500322341919
11,-0.7858348488807678,-0.20294594764709473,0.7561909556388855,-0.8796060085296631,0.12101723253726959,1.2952159643173218,0.0,0.0,1.0,0.0,0.0,0.0,0.0,2.0,1.0,1.0,1.0,1.0,0.0,0.0,1.0,0.0,0.0,0.0,0.0,0.9993188689796483,7.89522425,3.23080297,4.66442128,1.2533248662948608,3.4110960960388184
12,-1.4559351205825806,-1.402238130569458,2.245642900466919,-0.8796060085296631,-3.3174288272857666,1.1296002864837646,0.0,0.0,1.0,0.0,0.0,0.0,1.0,2.0,0.0,1.0,1.0,1.0,0.0,0.0,0.0,0.0,0.0,0.0,0.0,0.8464497014468819,5.38790122,3.517318923,1.870582297,4.00644588470459,-2.1358635425567627
13,0.8786077499389648,0.9963462352752686,-0.733260989189148,1.2030110359191895,0.3085688352584839,0.3015223741531372,0.0,0.0,0.0,0.0,1.0,0.0,0.0,1.0,0.0,1.0,1.0,1.0,0.0,0.0,1.0,0.0,0.0,0.0,0.0,0.9996927156374685,5.926609217,1.528262157,4.398347060000001,3.813767194747925,0.5845797061920166
14,0.3598204255104065,0.5965821743011475,0.38382798433303833,-0.8796060085296631,0.4961204528808594,1.2952159643173218,0.0,0.0,1.0,0.0,0.0,0.0,0.0,2.0,0.0,1.0,1.0,1.0,1.0,0.0,0.0,0.0,0.0,0.0,0.0,0.8729187749042617,6.295170225,4.680660837,1.614509388,3.4175217151641846,-1.8030123710632324
15,0.013962230645120144,0.19681812822818756,0.38382798433303833,0.16170252859592438,-1.4419127702713013,-0.8577867746353149,1.0,0.0,0.0,0.0,1.0,0.0,0.0,1.0,0.0,1.0,0.0,1.0,0.0,0.0,0.0,0.0,0.0,0.0,1.0,0.9996012916617572,4.444956002,0.071371948,4.373584053999999,4.03464412689209,0.3389401435852051
16,1.1812336444854736,0.9963462352752686,-0.3608979880809784,-0.8796060085296631,0.8712236881256104,-1.1890180110931396,1.0,0.0,0.0,1.0,0.0,0.0,1.0,2.0,0.0,1.0,0.0,1.0,1.0,0.0,0.0,0.0,0.0,0.0,0.0,0.9999826861780433,5.484478584,0.467886529,5.016592054999999,3.9843862056732178,1.0322058200836182
17,1.3973950147628784,0.9963462352752686,-1.1056239604949951,-0.8796060085296631,0.3085688352584839,-1.0234023332595825,1.0,0.0,0.0,0.0,1.0,0.0,1.0,2.0,0.0,0.0,1.0,1.0,0.0,0.0,0.0,0.0,0.0,0.0,1.0,0.9999491882659066,4.771232342,-0.298508907,5.069741249,3.514951705932617,1.5547895431518555
18,0.2409316748380661,0.5965821743011475,1.1285539865493774,0.16170252859592438,-0.1915687769651413,0.6327535510063171,1.0,1.0,0.0,1.0,0.0,0.0,0.0,1.0,0.0,1.0,1.0,1.0,0.0,1.0,0.0,0.0,0.0,0.0,0.0,0.9974933103815143,7.386637914,4.296653467,3.089984447,3.296841859817505,-0.20685744285583496
19,1.3973950147628784,1.3961102962493896,-1.4779869318008423,-0.8796060085296631,-0.4416375756263733,0.7983691692352295,1.0,0.0,1.0,0.0,1.0,0.0,0.0,2.0,0.0,1.0,1.0,1.0,0.0,0.0,0.0,0.0,0.0,0.0,1.0,0.999545597047216,6.29186737,2.12824243,4.16362494,2.720243453979492,1.4433813095092773
20,-0.37512823939323425,-1.802002191543579,0.38382798433303833,-0.8796060085296631,-0.004017170052975416,0.4671379625797272,0.0,0.0,1.0,0.0,0.0,1.0,0.0,2.0,0.0,1.0,1.0,1.0,0.0,0.0,0.0,0.0,0.0,0.0,1.0,0.9999544500581931,7.41470256,1.481191566,5.933510994000001,4.045993328094482,1.8875174522399902
21,-0.5480573177337646,-0.20294594764709473,-0.3608979880809784,-0.8796060085296631,0.058500032871961594,-0.8577867746353149,1.0,0.0,0.0,1.0,0.0,0.0,0.0,2.0,0.0,1.0,1.0,1.0,0.0,0.0,0.0,0.0,0.0,0.0,0.0,0.9999683277678669,6.762640143,1.448663185,5.313976958,3.989135503768921,1.3248412609100342
22,0.8569915890693665,1.7958743572235107,0.011464990675449371,-0.8796060085296631,0.5586376786231995,0.3015223741531372,0.0,1.0,1.0,0.0,0.0,0.0,0.0,2.0,0.0,1.0,0.0,1.0,1.0,0.0,0.0,0.0,0.0,0.0,0.0,0.9998789547480428,7.834468929,2.7479859660000003,5.086482963,3.7290000915527344,1.35748291015625
23,0.7705270648002625,0.5965821743011475,0.38382798433303833,-0.8796060085296631,-1.379395604133606,0.4671379625797272,0.0,0.0,1.0,0.0,0.0,0.0,0.0,2.0,0.0,1.0,1.0,1.0,0.0,0.0,0.0,0.0,0.0,0.0,0.0,0.9998050445781352,7.747586396,2.856067559,4.891518837,3.374760150909424,1.516758918762207
24,-0.9155316948890686,0.19681812822818756,0.7561909556388855,-0.8796060085296631,0.5586376786231995,1.1296002864837646,1.0,0.0,0.0,1.0,0.0,0.0,0.0,2.0,0.0,1.0,1.0,1.0,0.0,0.0,0.0,0.0,0.0,0.0,0.0,0.9992862094258361,7.840511136,3.856242946,3.98426819,3.7421019077301025,0.24216628074645996
25,1.0947691202163696,0.5965821743011475,0.011464990675449371,-0.8796060085296631,-0.9417752027511597,0.6327535510063171,0.0,0.0,1.0,0.0,1.0,0.0,1.0,2.0,0.0,1.0,1.0,1.0,0.0,0.0,0.0,0.0,0.0,0.0,0.0,0.9945483049199174,4.884405191,2.035831332,2.848573859,3.5870485305786133,-0.7384746074676514
26,-0.03791650012135506,0.5965821743011475,0.38382798433303833,0.16170252859592438,-3.567497730255127,-0.029708821326494217,0.0,0.0,1.0,0.0,0.0,0.0,0.0,1.0,0.0,1.0,1.0,1.0,1.0,0.0,0.0,0.0,0.0,0.0,0.0,0.9949318363661561,5.309168324,2.106966265,3.2022020589999998,4.397165775299072,-1.1949636936187744
27,0.2085074633359909,-0.20294594764709473,0.38382798433303833,0.16170252859592438,0.6211548447608948,1.9576783180236816,1.0,0.0,1.0,0.0,0.0,1.0,0.0,1.0,0.0,1.0,1.0,1.0,0.0,0.0,1.0,0.0,0.0,0.0,0.0,3.2488100080451235e-05,2.73258385,7.384313718,4.651729867999999,2.6590869426727295,1.992643117904663
28,1.0947691202163696,1.7958743572235107,-1.1056239604949951,0.16170252859592438,0.5586376786231995,0.4671379625797272,0.0,0.0,1.0,1.0,0.0,0.0,0.0,1.0,1.0,1.0,1.0,1.0,0.0,0.0,1.0,0.0,0.0,0.0,0.0,0.0018693710639729679,3.323798842,6.868503157999999,3.5447043159999994,3.04712176322937,0.49758243560791016
29,0.4246688485145569,0.5965821743011475,-0.733260989189148,1.2030110359191895,1.4338785409927368,0.4671379625797272,1.0,0.0,0.0,1.0,0.0,0.0,1.0,1.0,0.0,1.0,1.0,1.0,1.0,0.0,0.0,0.0,0.0,0.0,0.0,0.00016471951290899275,1.63805888,6.369189525,4.731130645,3.7431082725524902,0.9880223274230957
30,0.07881063967943192,-0.20294594764709473,0.7561909556388855,-0.8796060085296631,0.2460516393184662,0.13590677082538605,0.0,0.0,1.0,0.0,1.0,0.0,0.0,2.0,0.0,1.0,1.0,1.0,0.0,1.0,0.0,0.0,0.0,0.0,0.0,2.1167890787750304e-05,1.9359067840000002,6.822996926,4.887090142,3.993539810180664,0.8935503959655762
31,-1.9531062841415405,-1.802002191543579,2.245642900466919,0.16170252859592438,-0.8792579770088196,0.9639847278594971,1.0,1.0,1.0,0.0,0.0,0.0,0.0,1.0,0.0,1.0,1.0,1.0,0.0,0.0,0.0,0.0,1.0,0.0,0.0,4.802340111555283e-06,2.4941756369999997,7.50820426,5.014028623000001,3.874667167663574,1.1393613815307617
32,-0.39674437046051025,-1.402238130569458,-0.3608979880809784,0.16170252859592438,0.5586376786231995,-0.8577867746353149,1.0,0.0,0.0,1.0,0.0,0.0,0.0,1.0,0.0,1.0,1.0,1.0,0.0,0.0,0.0,0.0,0.0,1.0,0.0,0.0003789407436509419,2.250801081,6.209686176,3.958885095,3.776154041290283,0.18273115158081055
33,1.1163852214813232,0.19681812822818756,-1.1056239604949951,1.2030110359191895,0.5586376786231995,1.4608315229415894,1.0,0.0,1.0,0.0,0.0,0.0,0.0,1.0,0.0,1.0,1.0,1.0,0.0,0.0,1.0,0.0,0.0,0.0,0.0,1.4937718846281648e-05,2.213303435,7.505039162999999,5.291735727999999,2.7905328273773193,2.5012028217315674
34,-0.31027984619140625,0.5965821743011475,-0.3608979880809784,0.16170252859592438,0.3710860311985016,0.13590677082538605,0.0,0.0,0.0,1.0,0.0,0.0,0.0,1.0,0.0,1.0,1.0,1.0,0.0,0.0,0.0,0.0,0.0,1.0,0.0,0.015812908599762414,2.8321232060000003,5.054418698,2.2222954919999998,4.022223949432373,-1.7999284267425537
35,-0.6993703246116638,-0.6027100086212158,-0.3608979880809784,-0.8796060085296631,0.7461892366409302,-1.5202491283416748,1.0,0.0,0.0,1.0,0.0,0.0,0.0,2.0,0.0,1.0,0.0,1.0,0.0,0.0,0.0,1.0,0.0,0.0,0.0,8.336890728058793e-08,-0.260075906,7.995685862999999,8.255761769,3.8769760131835938,4.378786087036133
36,-0.980380117893219,-0.6027100086212158,0.7561909556388855,-0.8796060085296631,1.1838096380233765,-0.36094000935554504,0.0,0.0,1.0,0.0,1.0,0.0,0.0,2.0,0.0,1.0,1.0,1.0,0.0,0.0,1.0,0.0,0.0,0.0,0.0,0.000788121563364422,2.6124733669999998,5.426678373,2.814205006,4.2442779541015625,-1.4300730228424072
37,0.2085074633359909,0.19681812822818756,-0.3608979880809784,-0.8796060085296631,0.9962580800056458,-1.3546335697174072,1.0,0.0,0.0,1.0,0.0,0.0,0.0,2.0,0.0,1.0,0.0,1.0,0.0,0.0,0.0,1.0,0.0,0.0,0.0,0.0005808448216606742,2.2203857719999998,6.164386791,3.9440010190000003,3.7952592372894287,0.1487417221069336
38,0.1868913322687149,0.5965821743011475,-0.733260989189148,2.244319438934326,1.4963957071304321,-1.1890180110931396,0.0,0.0,0.0,1.0,0.0,0.0,0.0,1.0,0.0,1.0,0.0,1.0,0.0,0.0,0.0,0.0,0.0,1.0,0.0,0.0010443677284021687,3.06370113,6.632418125,3.568716995,4.200564384460449,-0.6318473815917969
39,0.8353754281997681,-0.13910187780857086,0.38382798433303833,-0.8796060085296631,-4.192669868469238,-1.5202491283416748,1.0,0.0,0.0,1.0,0.0,0.0,0.0,2.0,0.0,1.0,0.0,1.0,0.0,0.0,0.0,0.0,1.0,0.0,0.0,0.009140711612649219,2.70835092,5.388136835,2.679785915,4.392690658569336,-1.712904691696167
40,-1.8666417598724365,-1.402238130569458,-0.3608979880809784,0.16170252859592438,0.7461892366409302,0.3015223741531372,0.0,0.0,0.0,1.0,0.0,0.0,1.0,1.0,0.0,1.0,1.0,1.0,0.0,0.0,0.0,1.0,0.0,0.0,0.0,3.5582489206186564e-06,-0.247323808,5.976936652999999,6.224260460999999,3.9736053943634033,2.250654935836792
41,-0.612905740737915,-0.20294594764709473,0.7561909556388855,0.16170252859592438,-0.004017170052975416,-0.8577867746353149,0.0,0.0,1.0,0.0,1.0,0.0,0.0,1.0,0.0,1.0,1.0,1.0,1.0,0.0,0.0,0.0,0.0,0.0,0.0,0.0012398894771491562,1.9339134740000001,4.705243629,2.771330155,4.781266212463379,-2.0099360942840576
42,-0.11573459208011627,-0.6027100086212158,0.011464990675449371,-0.8796060085296631,0.5586376786231995,-1.5202491283416748,1.0,1.0,0.0,1.0,0.0,0.0,0.0,2.0,0.0,1.0,1.0,1.0,0.0,0.0,0.0,0.0,1.0,0.0,0.0,0.00023639630682132558,2.184525986,6.43413664,4.249610654,3.916499376296997,0.333111047744751
43,0.9326480627059937,0.5965821743011475,-1.1056239604949951,-0.8796060085296631,-0.1915687769651413,-0.6921712160110474,1.0,0.0,0.0,1.0,0.0,0.0,1.0,2.0,1.0,1.0,0.0,1.0,0.0,1.0,0.0,0.0,0.0,0.0,0.0,0.0029976221670693333,3.127704352,6.35882924,3.2311248880000005,3.8338468074798584,-0.6027219295501709
44,1.4838595390319824,0.9963462352752686,-0.3608979880809784,0.16170252859592438,-1.1918439865112305,-0.19532442092895508,1.0,0.0,1.0,0.0,1.0,0.0,1.0,1.0,1.0,1.0,0.0,1.0,1.0,0.0,0.0,0.0,0.0,0.0,0.0,0.00029766828318918316,2.336874097,6.25688339,3.9200092929999997,3.6457369327545166,0.27427244186401367
45,1.419011116027832,1.3961102962493896,-0.3608979880809784,0.16170252859592438,-0.3791203796863556,-0.6921712160110474,0.0,0.0,1.0,0.0,0.0,1.0,0.0,1.0,0.0,1.0,1.0,1.0,0.0,0.0,0.0,1.0,0.0,0.0,0.0,0.006228543023866165,3.7457373510000003,6.017198197999999,2.271460846999999,3.883944034576416,-1.612483263015747
46,-2.1908838748931885,-2.2017662525177,1.8732799291610718,-0.8796060085296631,0.5586376786231995,-1.0234023332595825,1.0,0.0,0.0,0.0,0.0,1.0,0.0,2.0,0.0,1.0,0.0,1.0,0.0,0.0,0.0,0.0,0.0,0.0,0.0,2.074589173296675e-06,1.180110568,6.669894555,5.489783987,4.091193199157715,1.3985905647277832
47,-2.298964500427246,-0.6636423468589783,2.245642900466919,-0.8796060085296631,-0.1915687769651413,0.9639847278594971,0.0,0.0,1.0,0.0,0.0,0.0,1.0,2.0,0.0,1.0,1.0,1.0,0.0,0.0,1.0,0.0,0.0,0.0,0.0,6.631587356485174e-05,1.267666902,5.184312515,3.916645613,3.1542673110961914,0.7623782157897949
48,1.3973950147628784,1.3961102962493896,-1.4779869318008423,0.16170252859592438,0.058500032871961594,0.9639847278594971,1.0,0.0,1.0,0.0,0.0,0.0,0.0,1.0,0.0,1.0,1.0,1.0,0.0,1.0,0.0,0.0,0.0,0.0,0.0,0.0045792782087279525,3.020229018,5.57194112,2.5517121019999998,2.7180540561676025,-0.16634202003479004
49,-1.2613898515701294,-0.20294594764709473,2.245642900466919,-0.8796060085296631,-0.2540859878063202,0.6327535510063171,0.0,0.0,1.0,0.0,0.0,1.0,0.0,2.0,0.0,1.0,1.0,1.0,0.0,0.0,0.0,0.0,0.0,0.0,1.0,0.005220999543910534,3.793115732,5.483278597999999,1.6901628659999992,4.2633466720581055,-2.57318377494812
50,-0.28866368532180786,0.19681812822818756,-0.733260989189148,-0.8796060085296631,2.0590505599975586,-0.8577867746353149,1.0,0.0,0.0,1.0,0.0,0.0,1.0,2.0,1.0,1.0,1.0,1.0,0.0,0.0,0.0,0.0,0.0,0.0,1.0,8.497399128620353e-05,2.0556096719999997,6.797227177999999,4.741617505999999,3.9832520484924316,0.7583656311035156
51,-0.6777541637420654,-0.20294594764709473,-0.733260989189148,0.16170252859592438,-1.754498839378357,1.2952159643173218,1.0,1.0,1.0,0.0,0.0,0.0,0.0,1.0,0.0,1.0,1.0,1.0,0.0,0.0,1.0,0.0,0.0,0.0,0.0,8.426364454576828e-05,3.569252987,7.426776117999999,3.8575231309999993,3.1770598888397217,0.6804633140563965
52,-0.21084560453891754,-0.6027100086212158,0.7561909556388855,1.2030110359191895,0.6211548447608948,-0.526555597782135,1.0,0.0,0.0,0.0,1.0,0.0,1.0,1.0,0.0,1.0,1.0,1.0,0.0,0.0,1.0,0.0,0.0,0.0,0.0,3.4038119427773863e-07,0.44918031,7.405340801,6.956160491,3.8027868270874023,3.1533737182617188
53,-0.22381527721881866,-0.6027100086212158,-0.733260989189148,0.16170252859592438,0.3710860311985016,-1.0234023332595825,0.0,0.0,0.0,1.0,0.0,0.0,0.0,1.0,1.0,1.0,0.0,1.0,0.0,0.0,0.0,0.0,1.0,0.0,0.0,2.8637849016276534e-05,0.9060732709999999,6.340128462999999,5.434055191999999,3.997319221496582,1.4367361068725586
54,0.8786077499389648,0.19681812822818756,-1.1056239604949951,2.244319438934326,0.4336032569408417,-0.19532442092895508,0.0,0.0,1.0,0.0,1.0,0.0,0.0,1.0,0.0,1.0,0.0,1.0,0.0,0.0,0.0,1.0,0.0,0.0,0.0,1.7664808032955553e-06,-0.044151152,6.4700152,6.514166352,3.5773143768310547,2.936851978302002
55,-0.007653906941413879,-0.6027100086212158,-0.3608979880809784,0.16170252859592438,0.4336032569408417,-1.5202491283416748,1.0,0.0,1.0,1.0,0.0,0.0,0.0,1.0,0.0,1.0,0.0,1.0,0.0,0.0,0.0,0.0,0.0,1.0,0.0,0.00034833022639878063,1.797997184,5.957573887000001,4.159576703000001,3.8253703117370605,0.33420658111572266
56,0.9002238512039185,1.3961102962493896,-0.3608979880809784,2.244319438934326,-2.0045676231384277,0.6327535510063171,0.0,0.0,0.0,0.0,1.0,0.0,1.0,1.0,0.0,1.0,0.0,1.0,1.0,0.0,0.0,0.0,0.0,0.0,0.0,2.0366989277759654e-05,3.5264717460000004,8.478666492,4.952194746,3.772674322128296,1.1795203685760498
57,-1.8666417598724365,-1.402238130569458,0.011464990675449371,-0.8796060085296631,2.30911922454834,-0.8577867746353149,1.0,0.0,1.0,1.0,0.0,0.0,1.0,2.0,0.0,1.0,1.0,1.0,0.0,0.0,0.0,0.0,0.0,0.0,1.0,1.0138252378448594e-05,0.858432138,6.363141217000001,5.504709079000001,4.005805969238281,1.4989032745361328
58,-0.43997666239738464,0.19681812822818756,0.011464990675449371,-0.8796060085296631,1.4963957071304321,0.13590677082538605,0.0,0.0,1.0,0.0,0.0,1.0,0.0,2.0,0.0,1.0,0.0,1.0,0.0,0.0,1.0,0.0,0.0,0.0,0.0,2.0843130910472016e-06,1.090969716,7.098473147999999,6.007503431999999,3.8687193393707275,2.138784170150757
59,-1.9963386058807373,-2.2017662525177,0.38382798433303833,0.16170252859592438,-1.2543612718582153,-0.36094000935554504,1.0,0.0,0.0,1.0,0.0,0.0,1.0,1.0,0.0,1.0,0.0,1.0,0.0,0.0,0.0,1.0,0.0,0.0,0.0,0.00026575775279777755,3.492436969,7.088852322999999,3.5964153539999995,4.024547576904297,-0.4281322956085205
60,1.0947691202163696,0.5965821743011475,-0.3608979880809784,-0.8796060085296631,0.4961204528808594,-1.685864806175232,0.0,0.0,0.0,1.0,0.0,0.0,0.0,2.0,0.0,1.0,0.0,0.0,0.0,0.0,0.0,0.0,1.0,0.0,0.0,8.669136145739878e-05,0.328837642,5.630095737,5.301258095000001,4.9628400802612305,0.33841800689697266
61,-2.0179545879364014,-1.802002191543579,1.8732799291610718,1.2030110359191895,-0.004017170052975416,-1.1890180110931396,1.0,1.0,0.0,0.0,1.0,0.0,1.0,1.0,0.0,1.0,0.0,1.0,1.0,0.0,0.0,0.0,0.0,0.0,0.0,1.3973661437921057e-06,1.052633262,6.77717239,5.724539128,4.72561502456665,0.9989242553710938
62,0.3382042944431305,0.19681812822818756,-0.733260989189148,0.16170252859592438,0.7461892366409302,-1.0234023332595825,1.0,1.0,1.0,0.0,1.0,0.0,1.0,1.0,0.0,1.0,1.0,1.0,0.0,0.0,0.0,0.0,0.0,1.0,0.0,4.374554556132395e-05,0.930412892,5.627523687999999,4.697110796,3.4203760623931885,1.2767345905303955
63,-0.8290671110153198,-1.402238130569458,1.1285539865493774,0.16170252859592438,-0.1915687769651413,0.3015223741531372,0.0,0.0,1.0,0.0,1.0,0.0,1.0,1.0,0.0,1.0,1.0,1.0,0.0,0.0,0.0,0.0,0.0,0.0,1.0,2.9621016300081092e-06,2.95051554,8.353507404,5.4029918640000005,4.231590747833252,1.171401023864746
64,-1.5856319665908813,-1.402238130569458,1.1285539865493774,-0.8796060085296631,-0.8792579770088196,-1.0234023332595825,1.0,0.0,0.0,1.0,0.0,0.0,1.0,2.0,1.0,1.0,1.0,1.0,1.0,0.0,0.0,0.0,0.0,0.0,0.0,4.383439039847445e-06,0.9520024220000001,6.946099812000001,5.99409739,3.936307430267334,2.0577898025512695
65,-0.9587639570236206,-0.20294594764709473,0.011464990675449371,1.2030110359191895,1.1212924718856812,0.13590677082538605,1.0,0.0,1.0,1.0,0.0,0.0,1.0,1.0,1.0,1.0,1.0,0.0,1.0,0.0,0.0,0.0,0.0,0.0,0.0,0.00037793019861837967,3.0491306000000002,6.85633198,3.80720138,2.4521737098693848,1.355027675628662
66,0.7272947430610657,0.5965821743011475,-0.733260989189148,0.16170252859592438,0.4961204528808594,1.4608315229415894,1.0,1.0,1.0,0.0,0.0,1.0,0.0,1.0,0.0,1.0,1.0,1.0,0.0,0.0,0.0,0.0,1.0,0.0,0.0,6.179904785117565e-05,4.0241907260000005,8.311601708,4.287410981999999,2.069772958755493,2.2176382541656494
67,-1.2181576490402222,-0.6027100086212158,-0.3608979880809784,1.2030110359191895,-1.9420504570007324,-0.029708821326494217,0.0,0.0,1.0,0.0,0.0,1.0,0.0,1.0,0.0,1.0,0.0,1.0,0.0,0.0,0.0,1.0,0.0,0.0,0.0,1.5521661802565002e-05,3.271907407,7.828267342,4.556359935,4.132195949554443,0.424163818359375
68,0.022608686238527298,0.19681812822818756,0.011464990675449371,0.16170252859592438,-0.0665343701839447,1.626447081565857,0.0,0.0,0.0,0.0,0.0,1.0,1.0,1.0,0.0,1.0,1.0,1.0,1.0,0.0,0.0,0.0,0.0,0.0,0.0,3.561822800899339e-05,3.982110605,8.392771534,4.410660929,2.7530202865600586,1.6576404571533203
69,1.246082067489624,0.19681812822818756,-0.733260989189148,0.16170252859592438,0.3085688352584839,1.1296002864837646,1.0,0.0,0.0,0.0,1.0,0.0,0.0,1.0,0.0,1.0,0.0,1.0,0.0,0.0,0.0,0.0,0.0,0.0,0.0,6.243714341275203e-06,2.475986759,8.168669466,5.692682707000001,2.788168430328369,2.9045143127441406
70,0.2733558714389801,0.5965821743011475,-0.3608979880809784,-0.8796060085296631,0.2460516393184662,-1.0234023332595825,1.0,0.0,0.0,1.0,0.0,0.0,1.0,2.0,1.0,1.0,0.0,0.0,0.0,0.0,0.0,0.0,0.0,1.0,0.0,7.425528764605003e-07,0.371460478,7.7745259970000005,7.403065519,3.8900394439697266,3.513026237487793
71,1.1163852214813232,0.5965821743011475,-1.1056239604949951,-0.8796060085296631,0.1835344433784485,-1.1890180110931396,1.0,0.0,0.0,1.0,0.0,0.0,0.0,2.0,1.0,1.0,1.0,1.0,0.0,0.0,0.0,1.0,0.0,0.0,0.0,1.0150976081990181e-05,1.369453144,7.572931114,6.20347797,3.8040053844451904,2.39947247505188
72,0.8137593269348145,0.5965821743011475,-0.733260989189148,0.16170252859592438,-0.7542235851287842,0.13590677082538605,1.0,0.0,0.0,0.0,0.0,1.0,1.0,1.0,0.0,1.0,1.0,1.0,0.0,0.0,0.0,0.0,1.0,0.0,0.0,2.3737380322047115e-06,1.2055009490000002,7.42454888,6.2190479309999995,3.739262580871582,2.479785442352295
73,-0.9155316948890686,-1.002474069595337,1.1285539865493774,-0.8796060085296631,-1.1918439865112305,-0.36094000935554504,0.0,0.0,0.0,0.0,0.0,1.0,0.0,2.0,0.0,1.0,1.0,1.0,0.0,1.0,0.0,0.0,0.0,0.0,0.0,1.3872983597589318e-05,1.8204933269999999,6.662912559,4.842419231999999,3.8153905868530273,1.0270285606384277
74,1.2676981687545776,1.7958743572235107,-0.3608979880809784,0.16170252859592438,-0.2540859878063202,1.4608315229415894,0.0,0.0,1.0,0.0,0.0,0.0,0.0,1.0,1.0,1.0,1.0,1.0,0.0,0.0,1.0,0.0,0.0,0.0,0.0,0.3541530651784648,6.7934360279999995,6.568814897,-0.22462113099999925,0.24643158912658691,-0.47105270624160767
75,-0.029270043596625328,-0.6027100086212158,0.011464990675449371,0.16170252859592438,0.1835344433784485,-0.19532442092895508,1.0,0.0,0.0,1.0,0.0,0.0,1.0,1.0,0.0,1.0,0.0,1.0,0.0,1.0,0.0,0.0,0.0,0.0,0.0,0.00013525121402562702,2.340849795,6.908482676,4.567632881,3.8185689449310303,0.7490637302398682
76,1.1877185106277466,0.5965821743011475,-0.3608979880809784,0.16170252859592438,-0.004017170052975416,0.4671379625797272,0.0,0.0,0.0,0.0,0.0,1.0,1.0,1.0,0.0,1.0,1.0,1.0,1.0,0.0,0.0,0.0,0.0,0.0,0.0,0.006075515304731112,3.608094297,5.855700243999999,2.2476059469999994,3.6477034091949463,-1.400097370147705
77,-1.0668447017669678,-1.402238130569458,1.1285539865493774,2.244319438934326,0.3710860311985016,2.288909435272217,0.0,0.0,1.0,0.0,1.0,0.0,1.0,1.0,0.0,1.0,0.0,1.0,0.0,1.0,0.0,0.0,0.0,0.0,0.0,0.001219561909633052,6.253174542999999,8.393337867,2.1401633240000004,0.3455958962440491,1.794567584991455
78,0.6624463796615601,0.5965821743011475,-0.3608979880809784,0.16170252859592438,0.5586376786231995,0.6327535510063171,0.0,1.0,1.0,0.0,0.0,0.0,0.0,1.0,0.0,1.0,0.0,1.0,0.0,0.0,0.0,0.0,0.0,0.0,0.0,0.008499638522000199,2.9029209160000002,4.95227283,2.049351914,3.363520622253418,-1.3141686916351318
79,-0.27785563468933105,0.5965821743011475,0.38382798433303833,-0.8796060085296631,-0.1290515810251236,0.3015223741531372,0.0,0.0,1.0,0.0,1.0,0.0,0.0,2.0,1.0,1.0,1.0,1.0,0.0,0.0,1.0,0.0,0.0,0.0,0.0,1.1567815215450495e-05,2.423222618,7.49370975,5.070487132,2.629453182220459,2.4410338401794434
80,0.7489109039306641,0.5965821743011475,-0.3608979880809784,-0.8796060085296631,-1.1918439865112305,1.1296002864837646,1.0,0.0,1.0,0.0,0.0,1.0,0.0,2.0,1.0,1.0,1.0,1.0,0.0,0.0,1.0,0.0,0.0,0.0,0.0,0.00032402486405147025,5.027350273,8.408983848,3.3816335750000004,3.3337209224700928,0.04791259765625
81,-0.8722994327545166,-0.6027100086212158,0.7561909556388855,0.16170252859592438,0.4961204528808594,-1.1890180110931396,1.0,0.0,0.0,1.0,0.0,0.0,0.0,1.0,0.0,1.0,0.0,1.0,1.0,0.0,0.0,0.0,0.0,0.0,0.0,0.0024525475145812077,2.910562961,5.812503198,2.901940237,3.970102310180664,-1.068161964416504
82,1.1380014419555664,0.19681812822818756,0.011464990675449371,-0.8796060085296631,-0.6917064189910889,-1.5202491283416748,1.0,0.0,0.0,1.0,0.0,0.0,0.0,2.0,0.0,1.0,0.0,1.0,0.0,0.0,0.0,0.0,1.0,0.0,0.0,0.0009665006097153262,0.08959562,4.2696625489999995,4.180066929,4.247331142425537,-0.06726408004760742
83,0.7705270648002625,0.9963462352752686,-1.1056239604949951,1.2030110359191895,0.4336032569408417,-0.19532442092895508,0.0,0.0,0.0,0.0,1.0,0.0,1.0,1.0,0.0,1.0,0.0,1.0,0.0,0.0,0.0,0.0,1.0,0.0,0.0,7.650771281363752e-06,1.117741588,6.789240969,5.671499381,4.5740742683410645,1.0974249839782715
84,1.15961754322052,0.9963462352752686,-1.4779869318008423,0.16170252859592438,0.12101723253726959,-0.526555597782135,1.0,0.0,0.0,0.0,1.0,0.0,0.0,1.0,0.0,1.0,0.0,1.0,0.0,0.0,0.0,0.0,0.0,1.0,0.0,8.743314161644351e-05,1.8883570980000002,6.372947179,4.4845900809999995,2.839498519897461,1.6450915336608887
85,-0.28866368532180786,-0.20294594764709473,-1.4779869318008423,-0.8796060085296631,1.6214300394058228,0.4671379625797272,1.0,0.0,1.0,0.0,0.0,0.0,0.0,2.0,0.0,1.0,1.0,1.0,0.0,0.0,0.0,0.0,0.0,0.0,0.0,3.135049145567835e-05,3.076367752,7.554212395,4.477844643000001,3.795545816421509,0.6822988986968994
86,0.4679011106491089,0.9963462352752686,0.7561909556388855,-0.8796060085296631,-0.5041548013687134,0.7983691692352295,0.0,0.0,1.0,0.0,0.0,0.0,0.0,2.0,0.0,1.0,0.0,1.0,0.0,0.0,1.0,0.0,0.0,0.0,0.0,0.0015334033533038536,2.723845667,5.615235325,2.8913896580000005,1.523539423942566,1.3678501844406128
87,-1.8234094381332397,-2.2017662525177,0.7561909556388855,1.2030110359191895,-1.0668096542358398,1.1296002864837646,1.0,0.0,0.0,0.0,1.0,0.0,1.0,1.0,0.0,1.0,0.0,1.0,0.0,0.0,0.0,1.0,0.0,0.0,0.0,0.0011466305942442402,3.949552277,6.1969293389999995,2.2473770619999995,3.6899096965789795,-1.4425325393676758
88,0.5111333727836609,-0.20294594764709473,-0.733260989189148,-0.8796060085296631,1.0587753057479858,1.2952159643173218,0.0,0.0,1.0,0.0,0.0,0.0,0.0,2.0,0.0,1.0,1.0,1.0,0.0,0.0,0.0,0.0,0.0,0.0,1.0,2.3654965222481776e-06,2.184635919,8.161383288,5.976747369,3.773550033569336,2.203197479248047
89,1.0083045959472656,0.5965821743011475,-0.3608979880809784,0.16170252859592438,1.1212924718856812,-0.19532442092895508,1.0,0.0,1.0,1.0,0.0,0.0,1.0,1.0,0.0,1.0,1.0,1.0,1.0,0.0,0.0,0.0,0.0,0.0,0.0,9.298027090234492e-05,0.880649612,6.094435462000001,5.213785850000001,3.8205173015594482,1.393268346786499
90,-0.35351210832595825,0.19681812822818756,0.7561909556388855,-0.8796060085296631,-0.004017170052975416,-1.3546335697174072,0.0,0.0,0.0,1.0,0.0,0.0,0.0,2.0,0.0,1.0,0.0,1.0,0.0,0.0,0.0,0.0,0.0,0.0,0.0,5.6974707281830414e-05,0.753737944,5.876450835,5.122712891,4.253805160522461,0.8689079284667969
91,-0.05088618025183678,-0.6027100086212158,-0.3608979880809784,-0.8796060085296631,0.2460516393184662,-0.19532442092895508,1.0,0.0,1.0,0.0,0.0,1.0,0.0,2.0,0.0,1.0,1.0,1.0,0.0,0.0,0.0,0.0,1.0,0.0,0.0,0.0005757654995730222,1.990296466,5.242370621,3.252074155,3.9573721885681152,-0.7052979469299316
92,1.0299206972122192,-0.20294594764709473,-0.3608979880809784,-0.8796060085296631,-1.5669472217559814,-0.8577867746353149,0.0,0.0,0.0,1.0,0.0,0.0,1.0,2.0,0.0,1.0,0.0,1.0,0.0,0.0,0.0,1.0,0.0,0.0,0.0,3.439604787685846e-05,1.34627528,6.927687604,5.581412324,4.1380815505981445,1.4433307647705078
93,0.8569915890693665,0.9963462352752686,0.011464990675449371,2.244319438934326,0.6836720705032349,-0.36094000935554504,1.0,0.0,0.0,1.0,0.0,0.0,0.0,1.0,0.0,1.0,0.0,1.0,0.0,0.0,0.0,1.0,0.0,0.0,0.0,9.270686989859764e-05,1.5198941769999998,6.630130631,5.110236454000001,4.1884589195251465,0.9217777252197266
94,0.3165881633758545,0.19681812822818756,-0.3608979880809784,0.16170252859592438,-0.1290515810251236,2.288909435272217,0.0,0.0,0.0,0.0,0.0,1.0,0.0,1.0,0.0,1.0,1.0,1.0,0.0,1.0,0.0,0.0,0.0,0.0,0.0,0.009187863654802949,7.068151466000001,8.500508552000001,1.4323570860000006,1.8288211822509766,-0.39646410942077637
95,0.8137593269348145,0.9963462352752686,-1.1056239604949951,0.16170252859592438,0.9337408542633057,2.288909435272217,0.0,0.0,1.0,0.0,0.0,0.0,0.0,1.0,1.0,1.0,1.0,1.0,0.0,0.0,0.0,0.0,0.0,0.0,0.0,0.05144488257795019,7.155599037999999,7.875369697000001,0.7197706590000017,0.11239546537399292,0.6073752045631409
96,0.9434561729431152,0.9963462352752686,-1.4779869318008423,1.2030110359191895,0.9962580800056458,0.4671379625797272,1.0,0.0,0.0,0.0,1.0,0.0,1.0,1.0,1.0,0.0,1.0,1.0,0.0,0.0,0.0,0.0,0.0,0.0,1.0,5.029541271234802e-07,2.7292085489999995,9.494496691,6.765288142000001,1.54937744140625,5.215910911560059
97,0.1652752012014389,0.19681812822818756,0.011464990675449371,2.244319438934326,0.4336032569408417,-0.6921712160110474,1.0,0.0,0.0,0.0,1.0,0.0,0.0,1.0,0.0,1.0,0.0,1.0,0.0,0.0,0.0,1.0,0.0,0.0,0.0,0.00025532424998843915,1.930986954,5.646035138999999,3.7150481849999997,4.241576194763184,-0.5265281200408936
98,0.5543656945228577,0.19681812822818756,-0.3608979880809784,-0.8796060085296631,-0.6917064189910889,-1.0234023332595825,1.0,0.0,0.0,1.0,0.0,0.0,0.0,2.0,0.0,1.0,0.0,1.0,0.0,0.0,0.0,0.0,0.0,1.0,0.0,0.004774922285311338,1.3126241029999999,4.453708253,3.14108415,3.8786628246307373,-0.7375786304473877
99,-0.8722994327545166,-0.6027100086212158,0.38382798433303833,2.244319438934326,0.6211548447608948,1.4608315229415894,0.0,0.0,1.0,0.0,1.0,0.0,0.0,1.0,0.0,1.0,1.0,1.0,1.0,0.0,0.0,0.0,0.0,0.0,0.0,0.0003766273607272711,4.596619876,7.570358564,2.973738688,3.7019054889678955,-0.7281668186187744
100,0.2517397403717041,0.5965821743011475,-0.733260989189148,-0.8796060085296631,1.871498942375183,-0.36094000935554504,1.0,0.0,1.0,0.0,1.0,0.0,1.0,2.0,1.0,1.0,1.0,1.0,0.0,0.0,1.0,0.0,0.0,0.0,0.0,8.60357720614565e-05,2.648259748,6.830791014,4.182531266,3.5920357704162598,0.5904955863952637
101,-0.007653906941413879,-0.20294594764709473,-0.3608979880809784,0.16170252859592438,-0.3166031837463379,1.792062759399414,0.0,0.0,1.0,0.0,0.0,1.0,1.0,1.0,0.0,1.0,0.0,1.0,0.0,0.0,0.0,0.0,0.0,0.0,0.0,0.005526681396464002,4.091946288,6.06197592,1.9700296320000001,2.9033756256103516,-0.9333460330963135
102,-0.7642187476158142,-0.6027100086212158,1.1285539865493774,0.16170252859592438,0.6211548447608948,-1.1890180110931396,0.0,1.0,0.0,1.0,0.0,0.0,0.0,1.0,0.0,1.0,0.0,1.0,0.0,1.0,0.0,0.0,0.0,0.0,0.0,0.000208022456056269,2.39976029,6.549479965,4.149719675,4.164140224456787,-0.014420509338378906
103,-1.9531062841415405,-2.2017662525177,1.8732799291610718,0.16170252859592438,1.1212924718856812,-0.36094000935554504,0.0,0.0,0.0,0.0,1.0,0.0,1.0,1.0,0.0,1.0,0.0,1.0,0.0,0.0,1.0,0.0,0.0,0.0,0.0,1.4966358288275416e-06,1.838631031,7.465424948,5.626793917,4.256787300109863,1.3700065612792969
104,0.7921431660652161,1.3961102962493896,-0.3608979880809784,-0.8796060085296631,-0.0665343701839447,-1.0234023332595825,0.0,0.0,0.0,0.0,1.0,0.0,1.0,2.0,0.0,1.0,1.0,1.0,0.0,0.0,0.0,0.0,0.0,0.0,0.0,0.000304254778105528,2.23295175,6.001701337,3.7687495870000003,4.184473991394043,-0.415724515914917
105,-0.15896686911582947,-0.6027100086212158,-0.3608979880809784,-0.8796060085296631,1.4338785409927368,-0.8577867746353149,1.0,0.0,0.0,1.0,0.0,0.0,1.0,2.0,0.0,1.0,0.0,1.0,1.0,0.0,0.0,0.0,0.0,0.0,0.0,0.0010378512306005482,1.593343942,5.24303327,3.649689328,4.014878749847412,-0.3651893138885498
106,-0.20219914615154266,1.3961102962493896,-0.733260989189148,-0.8796060085296631,1.1212924718856812,-1.0234023332595825,1.0,0.0,1.0,1.0,0.0,0.0,1.0,2.0,0.0,1.0,0.0,1.0,0.0,0.0,1.0,0.0,0.0,0.0,0.0,7.4795289515620595e-06,1.411111218,7.505548543,6.0944373249999995,3.985947847366333,2.1084892749786377
107,-0.8074510097503662,-0.20294594764709473,-0.3608979880809784,-0.8796060085296631,0.8087064623832703,-0.526555597782135,0.0,0.0,0.0,1.0,0.0,0.0,0.0,2.0,0.0,1.0,0.0,1.0,1.0,0.0,0.0,0.0,0.0,0.0,0.0,0.000566054182313714,2.996272705,6.633952219,3.6376795140000002,4.055017471313477,-0.41733789443969727
108,-1.434319019317627,-1.802002191543579,1.1285539865493774,0.16170252859592438,-1.3168784379959106,-0.029708821326494217,0.0,0.0,0.0,1.0,0.0,0.0,1.0,1.0,0.0,1.0,1.0,1.0,0.0,1.0,0.0,0.0,0.0,0.0,0.0,0.0003597042464615361,2.269522862,6.0299167670000005,3.7603939050000004,3.75215220451355,0.008241653442382812
109,0.8786077499389648,0.5965821743011475,-0.3608979880809784,0.16170252859592438,-0.8792579770088196,1.2952159643173218,1.0,0.0,1.0,0.0,1.0,0.0,0.0,1.0,0.0,1.0,1.0,1.0,1.0,0.0,0.0,0.0,0.0,0.0,0.0,0.0013255457327382295,3.044713181,6.048466754,3.0037535729999996,3.764003276824951,-0.7602496147155762
110,1.3541628122329712,0.5965821743011475,-1.1056239604949951,-0.8796060085296631,0.3710860311985016,-1.0234023332595825,1.0,0.0,1.0,0.0,1.0,0.0,0.0,2.0,0.0,1.0,0.0,1.0,0.0,0.0,0.0,0.0,0.0,0.0,1.0,1.6990927831401273e-05,0.144451695,5.608276458,5.463824763,3.797868013381958,1.665956735610962
111,1.4622434377670288,0.9963462352752686,-0.3608979880809784,-0.8796060085296631,0.2460516393184662,-0.36094000935554504,1.0,0.0,1.0,0.0,0.0,1.0,1.0,2.0,0.0,1.0,1.0,1.0,0.0,0.0,0.0,0.0,0.0,0.0,0.0,4.839329188877076e-06,1.9101241919999998,7.841319588999999,5.931195397,3.866741895675659,2.064453363418579
112,-1.2830060720443726,-1.402238130569458,1.1285539865493774,0.16170252859592438,0.3085688352584839,-1.1890180110931396,1.0,0.0,1.0,0.0,1.0,0.0,0.0,1.0,0.0,1.0,0.0,1.0,0.0,0.0,0.0,0.0,0.0,1.0,0.0,2.517983331181602e-06,0.287976045,6.029107108,5.741131063,4.281547546386719,1.4595832824707031
113,-0.22381527721881866,0.19681812822818756,-1.4779869318008423,-0.8796060085296631,0.4961204528808594,0.4671379625797272,1.0,0.0,1.0,0.0,0.0,1.0,1.0,2.0,0.0,1.0,1.0,1.0,0.0,0.0,1.0,0.0,0.0,0.0,0.0,0.0003558449723076452,2.41933008,5.8563439939999995,3.4370139139999996,3.6645121574401855,-0.22749829292297363
114,-0.22381527721881866,-0.20294594764709473,0.38382798433303833,-0.8796060085296631,-0.8167408108711243,-1.0234023332595825,1.0,0.0,0.0,1.0,0.0,0.0,1.0,2.0,0.0,1.0,0.0,1.0,0.0,1.0,0.0,0.0,0.0,0.0,0.0,0.00016589780515706526,2.094914917,6.551034689,4.456119771999999,3.8556032180786133,0.6005163192749023
115,1.15961754322052,-0.20294594764709473,-0.733260989189148,-0.8796060085296631,0.8087064623832703,-0.36094000935554504,0.0,0.0,0.0,0.0,1.0,0.0,1.0,2.0,0.0,1.0,1.0,1.0,0.0,0.0,0.0,0.0,0.0,0.0,0.0,0.0001374410122548643,0.303088418,4.736109516,4.433021098,4.302384853363037,0.13063621520996094
116,0.6840624809265137,0.5965821743011475,-1.4779869318008423,-0.8796060085296631,0.6211548447608948,-1.1890180110931396,1.0,0.0,0.0,1.0,0.0,0.0,0.0,2.0,0.0,1.0,1.0,1.0,0.0,0.0,0.0,0.0,0.0,0.0,1.0,0.04409525420589254,2.2234278180000002,4.160612867,1.937185049,4.084405899047852,-2.1472208499908447
117,-0.5048250555992126,-0.3782636523246765,-0.3608979880809784,1.2030110359191895,0.3710860311985016,-0.029708821326494217,1.0,0.0,0.0,0.0,1.0,0.0,0.0,1.0,0.0,1.0,0.0,1.0,0.0,0.0,0.0,0.0,1.0,0.0,0.0,4.800619289054815e-05,1.9029063609999999,6.265911489,4.363005127999999,4.056342601776123,0.30666255950927734
118,1.4406273365020752,0.5965821743011475,-1.4779869318008423,1.2030110359191895,-0.8167408108711243,0.4671379625797272,1.0,0.0,1.0,1.0,0.0,0.0,0.0,1.0,0.0,1.0,0.0,1.0,0.0,0.0,0.0,0.0,0.0,0.0,1.0,3.353900206765711e-05,2.732224865,8.252929907999999,5.520705042999999,3.3191895484924316,2.2015156745910645
119,0.013962230645120144,0.19681812822818756,1.1285539865493774,-0.8796060085296631,-0.2540859878063202,1.792062759399414,0.0,0.0,1.0,0.0,0.0,1.0,0.0,2.0,0.0,1.0,0.0,1.0,0.0,0.0,1.0,0.0,0.0,0.0,0.0,3.109020497094531e-05,2.8179543380000003,7.449449467999999,4.631495129999999,1.835319995880127,2.796175003051758
120,0.2085074633359909,-0.20294594764709473,1.1285539865493774,1.2030110359191895,0.2460516393184662,-0.526555597782135,1.0,0.0,0.0,0.0,1.0,0.0,0.0,1.0,0.0,1.0,0.0,1.0,0.0,0.0,0.0,0.0,1.0,0.0,0.0,0.00032333962731256015,2.811190245,6.294478027,3.483287782,4.199678421020508,-0.7163906097412109
121,-1.9963386058807373,-1.802002191543579,1.8732799291610718,-0.8796060085296631,-0.004017170052975416,-1.685864806175232,1.0,0.0,0.0,1.0,0.0,0.0,1.0,2.0,0.0,0.0,0.0,1.0,0.0,0.0,0.0,1.0,0.0,0.0,0.0,5.823336489144671e-05,1.191659662,5.798754379,4.607094717,4.129805088043213,0.47728967666625977
122,-0.15896686911582947,-0.20294594764709473,0.7561909556388855,1.2030110359191895,-0.5666719675064087,-0.19532442092895508,0.0,0.0,0.0,0.0,0.0,1.0,0.0,1.0,0.0,1.0,1.0,1.0,1.0,0.0,0.0,0.0,0.0,0.0,0.0,2.0863521404440782e-05,0.695405609,5.693242239,4.99783663,3.719399929046631,1.2784366607666016
123,-0.9371477961540222,-0.6027100086212158,1.1285539865493774,0.16170252859592438,-1.2543612718582153,1.1296002864837646,0.0,0.0,1.0,0.0,0.0,1.0,0.0,1.0,0.0,1.0,0.0,1.0,0.0,0.0,1.0,0.0,0.0,0.0,0.0,5.5772559145167274e-05,2.897255975,6.983577757999999,4.086321782999999,3.726250410079956,0.36007142066955566
124,-0.15896686911582947,-0.20294594764709473,-1.1056239604949951,0.16170252859592438,0.8712236881256104,-0.8577867746353149,1.0,1.0,0.0,1.0,0.0,0.0,0.0,1.0,0.0,1.0,1.0,1.0,0.0,0.0,0.0,0.0,0.0,1.0,0.0,7.097866120709153e-05,1.750591466,6.654876855,4.904285389,3.7377097606658936,1.1665756702423096
125,0.5327495336532593,0.5965821743011475,-1.1056239604949951,-0.8796060085296631,1.0587753057479858,-0.36094000935554504,0.0,0.0,1.0,0.0,0.0,1.0,0.0,2.0,0.0,1.0,1.0,1.0,0.0,0.0,1.0,0.0,0.0,0.0,0.0,1.6654838072849942e-05,1.0425621790000001,6.280905167,5.238342988,3.906583309173584,1.3317594528198242
126,0.2517397403717041,0.19681812822818756,0.011464990675449371,-0.8796060085296631,1.0587753057479858,-1.3546335697174072,0.0,0.0,0.0,1.0,0.0,0.0,0.0,2.0,0.0,1.0,1.0,1.0,0.0,0.0,0.0,1.0,0.0,0.0,0.0,5.5674635002484144e-05,1.449471046,6.622710741000001,5.173239695,3.987783432006836,1.1854562759399414
127,-0.07250232249498367,0.5965821743011475,-0.733260989189148,2.244319438934326,1.8089816570281982,0.6327535510063171,1.0,0.0,0.0,0.0,1.0,0.0,1.0,1.0,0.0,1.0,0.0,1.0,1.0,0.0,0.0,0.0,0.0,0.0,0.0,0.0001817973131943853,4.3672106610000005,7.920735189,3.5535245279999996,3.555032730102539,-0.0015082359313964844
128,0.5975979566574097,0.9963462352752686,-0.3608979880809784,0.16170252859592438,-0.7542235851287842,-1.0234023332595825,0.0,0.0,0.0,0.0,1.0,0.0,0.0,1.0,0.0,1.0,0.0,1.0,0.0,0.0,0.0,1.0,0.0,0.0,0.0,0.00898704367320245,1.489083825,3.67929185,2.1902080249999996,3.984126567840576,-1.7939186096191406
129,-0.20219914615154266,0.5965821743011475,-1.1056239604949951,-0.8796060085296631,-0.9417752027511597,-1.3546335697174072,1.0,0.0,0.0,1.0,0.0,0.0,0.0,2.0,0.0,1.0,1.0,1.0,0.0,0.0,0.0,0.0,0.0,1.0,0.0,0.002346654532175768,2.168364396,5.380134022000001,3.211769626000001,3.98746919631958,-0.7756996154785156
130,0.2085074633359909,0.19681812822818756,0.38382798433303833,1.2030110359191895,-0.6917064189910889,0.3015223741531372,1.0,0.0,0.0,0.0,1.0,0.0,1.0,1.0,0.0,1.0,0.0,1.0,0.0,0.0,0.0,0.0,0.0,0.0,1.0,0.00011485022186787657,2.447230428,6.4642029370000005,4.016972509,3.322392463684082,0.694580078125
131,0.1652752012014389,0.19681812822818756,-1.4779869318008423,-0.8796060085296631,-0.3166031837463379,1.1296002864837646,1.0,0.0,0.0,0.0,0.0,0.0,0.0,2.0,0.0,1.0,1.0,1.0,0.0,0.0,0.0,0.0,1.0,0.0,0.0,0.0022732926850652056,3.8781258010000004,6.338743478,2.4606176769999992,3.6754066944122314,-1.2147889137268066
132,0.7056786417961121,0.9963462352752686,-1.1056239604949951,-0.8796060085296631,1.5589128732681274,-1.3546335697174072,1.0,0.0,0.0,1.0,0.0,0.0,0.0,2.0,0.0,1.0,0.0,1.0,0.0,1.0,0.0,0.0,0.0,0.0,0.0,2.5632776070676996e-05,0.43495591200000006,6.243417753999999,5.808461841999999,4.02349328994751,1.784968376159668
133,0.3382042944431305,0.5965821743011475,-0.733260989189148,0.16170252859592438,0.6211548447608948,-0.19532442092895508,0.0,0.0,1.0,0.0,1.0,0.0,0.0,1.0,0.0,1.0,0.0,1.0,1.0,0.0,0.0,0.0,0.0,0.0,0.0,3.426093397803057e-05,1.44911224,6.2518666529999996,4.802754413,4.1081929206848145,0.6945614814758301
134,0.1868913322687149,0.19681812822818756,-0.3608979880809784,0.16170252859592438,-1.379395604133606,0.4671379625797272,0.0,0.0,1.0,1.0,0.0,0.0,1.0,1.0,0.0,1.0,1.0,1.0,0.0,0.0,0.0,0.0,0.0,0.0,1.0,0.028936363111073133,3.8996865339999998,5.741144126,1.8414575920000003,4.257030487060547,-2.4155728816986084
135,1.1812336444854736,0.5965821743011475,-1.1056239604949951,-0.8796060085296631,-0.8792579770088196,-1.1890180110931396,0.0,0.0,0.0,1.0,0.0,0.0,0.0,2.0,0.0,1.0,0.0,1.0,0.0,0.0,0.0,0.0,0.0,1.0,0.0,0.028272643218812035,1.768284886,4.138410813,2.370125927,4.186474800109863,-1.8163487911224365
136,1.332546591758728,0.9963462352752686,-1.4779869318008423,-0.8796060085296631,-0.1290515810251236,0.6327535510063171,0.0,0.0,0.0,0.0,1.0,0.0,1.0,2.0,0.0,1.0,1.0,0.0,0.0,0.0,0.0,0.0,1.0,0.0,0.0,3.0056116731069687e-05,1.8302409080000002,6.898286845,5.068045937,3.9929280281066895,1.075118064880371
137,0.2625478208065033,0.5965821743011475,-0.733260989189148,-0.8796060085296631,0.9962580800056458,0.3015223741531372,0.0,1.0,0.0,0.0,0.0,1.0,1.0,2.0,0.0,1.0,1.0,1.0,0.0,0.0,1.0,0.0,0.0,0.0,0.0,3.365500450690564e-05,2.847536332,7.4499320120000005,4.602395680000001,3.9980051517486572,0.6043903827667236
138,-0.41836053133010864,0.19681812822818756,-1.4779869318008423,1.2030110359191895,-0.2540859878063202,0.6327535510063171,0.0,0.0,0.0,1.0,0.0,0.0,1.0,1.0,1.0,1.0,0.0,1.0,0.0,0.0,0.0,1.0,0.0,0.0,0.0,0.0010547179893345756,4.1972639130000005,7.50961392,3.312350006999999,3.2785532474517822,0.03379678726196289
139,0.3598204255104065,0.19681812822818756,-0.3608979880809784,0.16170252859592438,1.1212924718856812,-1.0234023332595825,1.0,0.0,0.0,0.0,1.0,0.0,0.0,1.0,0.0,1.0,1.0,1.0,1.0,0.0,0.0,0.0,0.0,0.0,0.0,4.1891449472783526e-05,2.5664987669999997,7.093203927,4.526705160000001,4.021629333496094,0.5050759315490723
140,-1.2830060720443726,-1.002474069595337,1.1285539865493774,0.16170252859592438,-1.004292368888855,-1.1890180110931396,0.0,0.0,1.0,1.0,0.0,0.0,1.0,1.0,0.0,1.0,0.0,0.0,0.0,0.0,0.0,0.0,0.0,1.0,0.0,9.968486751021066e-05,1.707365155,6.190427711,4.483062556,4.290322780609131,0.19273996353149414
141,-1.6720964908599854,-1.402238130569458,1.8732799291610718,2.244319438934326,0.5586376786231995,1.626447081565857,0.0,0.0,0.0,1.0,0.0,0.0,1.0,1.0,1.0,1.0,1.0,1.0,0.0,0.0,0.0,0.0,0.0,1.0,0.0,0.45064232006705307,8.581096083,7.829016900000001,-0.7520791829999993,0.7645027041435242,-1.5165818929672241
142,-0.26704755425453186,-0.6027100086212158,0.38382798433303833,-0.8796060085296631,-0.7542235851287842,-0.526555597782135,1.0,0.0,0.0,0.0,1.0,0.0,0.0,2.0,0.0,1.0,1.0,1.0,0.0,0.0,0.0,0.0,0.0,1.0,0.0,6.027346887019522e-05,2.551956358,6.750624796,4.198668438,4.093498229980469,0.10517024993896484
143,0.5975979566574097,0.5965821743011475,-0.3608979880809784,1.2030110359191895,0.12101723253726959,-0.19532442092895508,0.0,0.0,0.0,1.0,0.0,0.0,1.0,1.0,1.0,1.0,0.0,1.0,0.0,0.0,0.0,0.0,1.0,0.0,0.0,5.2095851593949934e-05,2.54038888,7.722013455,5.181624575,4.083677291870117,1.097947120666504
144,1.0645065307617188,0.9963462352752686,0.011464990675449371,-0.8796060085296631,-1.6919816732406616,1.626447081565857,0.0,0.0,1.0,0.0,0.0,0.0,1.0,2.0,0.0,1.0,1.0,1.0,1.0,0.0,0.0,0.0,0.0,0.0,0.0,0.001673105939228092,2.563576577,5.584877219,3.021300642,2.7744083404541016,0.24689221382141113
145,-0.15896686911582947,0.5965821743011475,-1.4779869318008423,-0.8796060085296631,1.4963957071304321,-0.36094000935554504,1.0,0.0,1.0,0.0,0.0,1.0,1.0,2.0,0.0,1.0,1.0,1.0,0.0,0.0,0.0,0.0,0.0,0.0,0.0,1.785165101072825e-05,0.178507521,5.347703403,5.1691958819999995,3.9170279502868652,1.2521677017211914
146,-1.6720964908599854,-1.802002191543579,2.245642900466919,1.2030110359191895,-1.0668096542358398,1.1296002864837646,0.0,0.0,1.0,0.0,1.0,0.0,0.0,1.0,0.0,1.0,1.0,1.0,0.0,0.0,0.0,0.0,0.0,0.0,1.0,1.4290517008798146e-05,2.978126084,7.448681004,4.47055492,4.370696067810059,0.09985876083374023
147,0.3165881633758545,0.5965821743011475,-0.733260989189148,0.16170252859592438,0.2460516393184662,-1.0234023332595825,0.0,0.0,0.0,0.0,1.0,0.0,0.0,1.0,0.0,1.0,1.0,1.0,1.0,0.0,0.0,0.0,0.0,0.0,0.0,3.584667182591204e-05,0.392984471,5.288076115,4.895091644,4.42039155960083,0.4746999740600586
148,1.1812336444854736,0.5965821743011475,-1.8503499031066895,0.16170252859592438,0.4961204528808594,-0.029708821326494217,0.0,0.0,0.0,1.0,0.0,0.0,1.0,1.0,1.0,1.0,1.0,1.0,0.0,0.0,0.0,0.0,0.0,1.0,0.0,0.0019251630913082929,3.326411684,6.813544309,3.487132625,3.841843605041504,-0.35471105575561523
149,0.1436590552330017,-0.20294594764709473,-0.3608979880809784,1.2030110359191895,-0.3166031837463379,2.288909435272217,1.0,0.0,1.0,0.0,1.0,0.0,0.0,1.0,0.0,1.0,1.0,1.0,0.0,1.0,0.0,0.0,0.0,0.0,0.0,0.013421300739159231,7.0451858220000005,8.243871037,1.1986852149999994,1.9578297138214111,-0.7591445446014404
