,0
0,0.0065812780521810055
1,0.0730636864900589
2,0.003492658492177725
3,0.025366274639964104
4,0.004907841328531504
5,0.0029592702630907297
6,0.0041466932743787766
7,0.0025785965844988823
8,0.0023408024571835995
9,0.00475269416347146
10,0.00754537433385849
11,0.0174871739000082
12,0.014245850034058094
13,0.007013274356722832
14,0.0026955974753946066
15,0.0054009100422263145
16,0.11752891540527344
17,0.0035506023559719324
18,0.03890783712267876
19,0.004856299143284559
20,0.06552688777446747
21,0.030861593782901764
22,0.04355530068278313
23,0.0032955477945506573
24,0.075344018638134
25,0.00857783667743206
26,0.022667644545435905
27,0.00757888238877058
28,0.06871671229600906
29,0.0064283753745257854
30,0.005413367412984371
31,0.0024551255628466606
32,0.0030300531070679426
33,0.0031635856721550226
34,0.027164636179804802
35,0.003304949961602688
36,0.028386518359184265
37,0.009214585646986961
38,0.0025870725512504578
39,0.00423865020275116
40,0.005085925105959177
41,0.00435673538595438
42,0.022785238921642303
43,0.020124878734350204
44,0.055712439119815826
45,0.002727032406255603
46,0.0033981131855398417
47,0.013469607569277287
48,0.03627306595444679
49,0.016314873471856117
50,0.11094102263450623
51,0.06455209106206894
52,0.002719532698392868
53,0.00469593983143568
54,0.0997253954410553
55,0.008829277940094471
56,0.01284034550189972
57,0.20759831368923187
58,0.003236789721995592
59,0.007351212669163942
60,0.003428790485486388
61,0.006443070713430643
62,0.030227219685912132
63,0.018041646108031273
64,0.01972287707030773
65,0.006648969370871782
66,0.005581937730312347
67,0.005393365863710642
68,0.0016651955666020513
69,0.0016436994774267077
70,0.05195318162441254
71,0.027899568900465965
72,0.017817305400967598
73,0.015604176558554173
74,0.013249021954834461
75,0.020795978605747223
76,0.002374298870563507
77,0.09038025140762329
78,0.008750783279538155
79,0.011871115304529667
80,0.006720369216054678
81,0.03744988515973091
82,0.02669369801878929
83,0.01081843115389347
84,0.013174939900636673
85,0.0027584608178585768
86,0.003298023948445916
87,0.003934916574507952
88,0.009736631065607071
89,0.0024132798425853252
90,0.02932627685368061
91,0.13200819492340088
92,0.0076673622243106365
93,0.005322880577296019
94,0.005368630867451429
95,0.020902954041957855
96,0.00548191461712122
97,0.0749378353357315
98,0.021986572071909904
99,0.013340402394533157
100,0.004052671603858471
101,0.004141220822930336
102,0.008553321473300457
103,0.012969976291060448
104,0.01790616661310196
105,0.004572513047605753
106,0.0036845244467258453
107,0.024824878200888634
108,0.009783342480659485
109,0.025372495874762535
110,0.003666558535769582
111,0.019461309537291527
112,0.00698637031018734
113,0.10667341202497482
114,0.004031155724078417
115,0.006724710110574961
116,0.02746373787522316
117,0.0037820502184331417
118,0.039122335612773895
119,0.0061173513531684875
120,0.002116480842232704
121,0.004425094462931156
122,0.06156391650438309
123,0.0018699145875871181
124,0.005511637311428785
125,0.0030718327034264803
126,0.004943074192851782
127,0.003298023948445916
128,0.0038731135427951813
129,0.0033073420636355877
130,0.00943340826779604
131,0.01915576122701168
132,0.011511805467307568
133,0.004975458141416311
134,0.002349789720028639
135,0.0037101071793586016
136,0.009689105674624443
137,0.00932320673018694
138,0.0063049932941794395
139,0.007235625293105841
140,0.06054854765534401
141,0.005368983373045921
142,0.004363084677606821
143,0.050834156572818756
144,0.008343704976141453
145,0.003074078122153878
146,0.002056475030258298
147,0.13885363936424255
148,0.019040053710341454
149,0.01604744978249073
