,X1,X2,X3,X4,X5,X6,X7,X8,X9,X10,X11,X12,X13,X14,X15,X16,X17,X18,X19,X20,X21,X22,X23,X24,X25,ps_score,factual,counter_factual,true_ITE,predicted_ITE,diff
0,0.3814365565776825,0.9963462352752686,-0.3608979880809784,-0.8796060085296631,0.1835344433784485,-0.029708821326494217,1.0,0.0,0.0,0.0,1.0,0.0,1.0,2.0,1.0,0.0,0.0,1.0,0.0,0.0,1.0,0.0,0.0,0.0,0.0,0.18780827522277832,7.253382417,4.028155903,3.225226514,4.003269195556641,-0.7780427932739258
1,1.15961754322052,0.5965821743011475,-0.3608979880809784,-0.8796060085296631,0.4961204528808594,-0.526555597782135,0.0,0.0,1.0,0.0,1.0,0.0,0.0,2.0,0.0,1.0,1.0,1.0,0.0,0.0,0.0,0.0,0.0,0.0,0.0,0.22860859334468842,3.367979729,-0.38242682200000006,3.750406551,4.281566619873047,-0.5311601161956787
2,-0.37512823939323425,-1.802002191543579,0.38382798433303833,-0.8796060085296631,-0.004017170052975416,0.4671379625797272,0.0,0.0,1.0,0.0,0.0,1.0,0.0,2.0,0.0,1.0,1.0,1.0,0.0,0.0,0.0,0.0,0.0,0.0,1.0,0.42445510625839233,7.41470256,1.481191566,5.933510994000001,4.911456108093262,1.022054672241211
3,0.4895172715187073,0.5965821743011475,-0.733260989189148,0.16170252859592438,1.0587753057479858,0.4671379625797272,0.0,0.0,1.0,0.0,0.0,1.0,0.0,1.0,0.0,1.0,1.0,1.0,0.0,0.0,0.0,0.0,0.0,0.0,1.0,0.19997617602348328,4.974808186000001,1.4954540330000001,3.4793541530000005,4.3463215827941895,-0.8669674396514893
4,-1.2181576490402222,-0.6027100086212158,1.5009169578552246,-0.8796060085296631,-0.3791203796863556,-0.8577867746353149,0.0,0.0,0.0,0.0,1.0,0.0,0.0,2.0,0.0,0.0,1.0,1.0,0.0,0.0,0.0,0.0,0.0,0.0,1.0,0.3824023902416229,5.47158732,2.2576000659999997,3.2139872540000005,4.584029197692871,-1.370041847229004
5,1.5054757595062256,0.5965821743011475,-1.1056239604949951,-0.8796060085296631,-1.5669472217559814,0.7983691692352295,0.0,0.0,0.0,0.0,1.0,0.0,0.0,2.0,1.0,1.0,1.0,1.0,0.0,1.0,0.0,0.0,0.0,0.0,0.0,0.029249951243400574,5.418291377,4.082719458,1.3355719190000004,2.0098726749420166,-0.6743007898330688
6,0.3598204255104065,0.5965821743011475,-1.1056239604949951,-0.8796060085296631,1.1212924718856812,0.9639847278594971,0.0,0.0,1.0,0.0,1.0,0.0,0.0,2.0,0.0,1.0,0.0,1.0,0.0,0.0,1.0,0.0,0.0,0.0,0.0,0.07511866837739944,6.461459456,3.122048229,3.3394112270000003,4.237452983856201,-0.8980417251586914
7,-0.28866368532180786,0.19681812822818756,-0.3608979880809784,0.16170252859592438,0.6211548447608948,0.4671379625797272,1.0,1.0,1.0,0.0,1.0,0.0,0.0,1.0,0.0,1.0,1.0,1.0,0.0,0.0,0.0,0.0,0.0,0.0,1.0,0.2226131409406662,7.748988634,5.146076948,2.6029116859999997,4.46245813369751,-1.859546422958374
8,0.12204291671514511,0.19681812822818756,-0.3608979880809784,-0.8796060085296631,0.2460516393184662,-1.1890180110931396,1.0,0.0,0.0,1.0,0.0,0.0,0.0,2.0,1.0,1.0,1.0,1.0,0.0,0.0,0.0,0.0,0.0,0.0,1.0,0.14906670153141022,6.69109557,2.8215946219999997,3.869500948,4.509839057922363,-0.6403381824493408
9,-1.4429653882980347,-1.802002191543579,1.1285539865493774,0.16170252859592438,-0.5041548013687134,-0.19532442092895508,1.0,0.0,0.0,0.0,0.0,1.0,0.0,1.0,0.0,1.0,1.0,0.0,0.0,0.0,0.0,0.0,0.0,0.0,1.0,0.5000877976417542,6.085709197000001,1.2686917070000001,4.8170174900000005,5.286459922790527,-0.46944236755371094
10,0.1652752012014389,0.5965821743011475,0.7561909556388855,-0.8796060085296631,0.8087064623832703,1.2952159643173218,1.0,0.0,0.0,0.0,1.0,0.0,0.0,2.0,0.0,1.0,0.0,1.0,0.0,1.0,0.0,0.0,0.0,0.0,0.0,0.18381403386592865,7.24799675,5.006365064,2.2416316860000007,3.930525064468384,-1.6888933181762695
11,0.6408302187919617,0.5965821743011475,-0.3608979880809784,1.2030110359191895,-0.9417752027511597,-0.36094000935554504,0.0,0.0,1.0,0.0,1.0,0.0,1.0,1.0,1.0,1.0,0.0,1.0,0.0,0.0,0.0,0.0,0.0,1.0,0.0,0.05369071289896965,6.857319052,2.743202632,4.11411642,3.732727289199829,0.38138890266418457
12,0.6624463796615601,0.5965821743011475,-0.733260989189148,-0.8796060085296631,-0.6917064189910889,0.4671379625797272,1.0,0.0,1.0,0.0,0.0,0.0,0.0,2.0,0.0,1.0,0.0,1.0,0.0,0.0,0.0,0.0,0.0,0.0,0.0,0.6954463124275208,6.45231233,2.227502851,4.224809478999999,4.257326602935791,-0.0325169563293457
13,0.7056786417961121,0.5965821743011475,-0.733260989189148,2.244319438934326,1.0587753057479858,1.9576783180236816,1.0,0.0,1.0,1.0,0.0,0.0,0.0,1.0,0.0,1.0,0.0,1.0,0.0,1.0,0.0,0.0,0.0,0.0,0.0,0.004133257549256086,6.270642115,6.849374986,-0.5787328709999997,0.9804408550262451,-1.5591737031936646
14,-1.434319019317627,-1.002474069595337,0.011464990675449371,2.244319438934326,-0.3166031837463379,0.13590677082538605,0.0,0.0,0.0,1.0,0.0,0.0,1.0,1.0,0.0,1.0,0.0,1.0,0.0,0.0,0.0,1.0,0.0,0.0,0.0,0.0017766689416021109,6.17816351,2.511191556,3.666971954,3.8986403942108154,-0.23166847229003906
15,-1.2397737503051758,-1.002474069595337,1.1285539865493774,-0.8796060085296631,0.9337408542633057,0.13590677082538605,1.0,0.0,1.0,0.0,0.0,0.0,1.0,2.0,0.0,1.0,1.0,1.0,0.0,1.0,0.0,0.0,0.0,0.0,0.0,0.08762384206056595,6.924076727,2.621165028,4.302911699,4.299511432647705,0.0034003257751464844
16,-0.28866368532180786,0.19681812822818756,-0.3608979880809784,-0.8796060085296631,0.8712236881256104,-0.36094000935554504,1.0,0.0,1.0,0.0,0.0,1.0,0.0,2.0,0.0,1.0,0.0,1.0,1.0,0.0,0.0,0.0,0.0,0.0,0.0,0.24510861933231354,7.89358577,2.532835601,5.360750168999999,4.553177356719971,0.8075728416442871
17,0.4679011106491089,0.19681812822818756,0.38382798433303833,0.16170252859592438,-0.9417752027511597,-1.1890180110931396,1.0,0.0,1.0,1.0,0.0,0.0,0.0,1.0,0.0,1.0,0.0,1.0,0.0,0.0,1.0,0.0,0.0,0.0,0.0,0.08236228674650192,6.886719462,2.652845248,4.233874214,4.511536121368408,-0.2776618003845215
18,-0.029270043596625328,-0.20294594764709473,0.011464990675449371,0.16170252859592438,-0.7542235851287842,-0.36094000935554504,1.0,0.0,1.0,0.0,0.0,1.0,0.0,1.0,0.0,1.0,0.0,1.0,0.0,0.0,0.0,0.0,0.0,0.0,0.0,0.16019734740257263,5.8944175329999995,1.520921903,4.373495629999999,4.3349809646606445,0.03851461410522461
19,-0.5480573177337646,-0.20294594764709473,-0.3608979880809784,-0.8796060085296631,0.6836720705032349,-0.19532442092895508,0.0,0.0,0.0,0.0,0.0,1.0,1.0,2.0,0.0,1.0,1.0,1.0,0.0,0.0,0.0,0.0,0.0,0.0,1.0,0.36887261271476746,5.977711981000001,0.6241319439999999,5.353580037,4.43520975112915,0.918370246887207
20,0.12204291671514511,0.19681812822818756,0.011464990675449371,-0.8796060085296631,0.2460516393184662,-0.19532442092895508,0.0,0.0,0.0,0.0,0.0,0.0,1.0,2.0,1.0,1.0,1.0,1.0,0.0,0.0,0.0,0.0,0.0,0.0,0.0,0.3200528919696808,7.939374097999999,2.5808914240000003,5.358482673999999,4.107766151428223,1.2507166862487793
21,-0.39674437046051025,-0.6027100086212158,-0.3608979880809784,-0.8796060085296631,-0.2540859878063202,0.4671379625797272,1.0,0.0,1.0,0.0,1.0,0.0,0.0,2.0,1.0,0.0,1.0,1.0,0.0,0.0,1.0,0.0,0.0,0.0,0.0,0.23279497027397156,6.175582562000001,2.298490101,3.8770924610000006,3.7706613540649414,0.1064310073852539
22,1.4406273365020752,0.19681812822818756,-1.1056239604949951,-0.8796060085296631,-0.3166031837463379,0.4671379625797272,0.0,0.0,1.0,0.0,0.0,1.0,0.0,2.0,0.0,1.0,1.0,1.0,0.0,0.0,0.0,0.0,0.0,0.0,0.0,0.1265943944454193,7.170125922,1.4773849190000001,5.692741003,4.2507243156433105,1.4420166015625
23,1.15961754322052,0.5965821743011475,-0.3608979880809784,0.16170252859592438,0.6836720705032349,-0.8577867746353149,1.0,0.0,1.0,1.0,0.0,0.0,1.0,1.0,0.0,1.0,0.0,1.0,0.0,0.0,0.0,0.0,0.0,0.0,1.0,0.6503410339355469,5.5134461329999995,1.148107746,4.3653383869999995,5.32835578918457,-0.963017463684082
24,1.3757789134979248,1.3961102962493896,-0.733260989189148,0.16170252859592438,-1.4419127702713013,0.6327535510063171,1.0,1.0,1.0,0.0,0.0,0.0,0.0,1.0,0.0,1.0,1.0,1.0,0.0,0.0,1.0,0.0,0.0,0.0,0.0,0.18090911209583282,4.7482302910000005,2.4463484980000003,2.301881793,3.943723440170288,-1.6418416500091553
25,-0.03791650012135506,0.5965821743011475,0.38382798433303833,-0.8796060085296631,0.2460516393184662,1.792062759399414,1.0,0.0,1.0,0.0,0.0,0.0,1.0,2.0,0.0,1.0,1.0,1.0,0.0,0.0,1.0,0.0,0.0,0.0,0.0,0.4118771553039551,4.750248374,3.8340638639999995,0.9161845100000003,3.816983699798584,-2.90079927444458
26,0.6624463796615601,0.9963462352752686,-0.733260989189148,-0.8796060085296631,0.3710860311985016,-0.029708821326494217,0.0,1.0,1.0,1.0,0.0,0.0,0.0,2.0,0.0,1.0,1.0,1.0,0.0,0.0,0.0,0.0,0.0,0.0,1.0,0.6010170578956604,7.860724087,1.659699365,6.2010247220000005,4.723862648010254,1.4771618843078613
27,1.3973950147628784,0.19681812822818756,-0.3608979880809784,0.16170252859592438,-1.1293268203735352,1.4608315229415894,1.0,0.0,1.0,0.0,0.0,0.0,0.0,1.0,0.0,1.0,1.0,1.0,0.0,0.0,0.0,0.0,0.0,0.0,1.0,0.4172102212905884,6.047718437,2.3671033130000003,3.680615124,3.4199094772338867,0.26070570945739746
28,0.7597189545631409,0.5965821743011475,0.38382798433303833,-0.8796060085296631,-0.3791203796863556,-0.36094000935554504,1.0,0.0,0.0,0.0,1.0,0.0,0.0,2.0,0.0,1.0,1.0,1.0,0.0,0.0,1.0,0.0,0.0,0.0,0.0,0.31395602226257324,6.871173584,0.18979355,6.681380034,4.502432346343994,2.178947925567627
29,1.2028497457504272,0.5965821743011475,-1.4779869318008423,0.16170252859592438,1.1212924718856812,0.9639847278594971,1.0,0.0,1.0,0.0,0.0,0.0,0.0,1.0,0.0,1.0,1.0,1.0,0.0,0.0,0.0,0.0,0.0,0.0,0.0,0.03746848180890083,6.120321013,2.273142027,3.847178986,4.22627067565918,-0.379091739654541
30,1.3865870237350464,0.9963462352752686,-0.733260989189148,1.2030110359191895,-0.0665343701839447,1.1296002864837646,0.0,0.0,0.0,1.0,0.0,0.0,1.0,1.0,0.0,1.0,1.0,1.0,1.0,0.0,0.0,0.0,0.0,0.0,0.0,0.07447034120559692,7.713109312,3.6768560839999997,4.0362532280000005,3.777456521987915,0.25879693031311035
31,-1.7585610151290894,-1.3396923542022705,0.38382798433303833,-0.8796060085296631,-0.9417752027511597,-0.8577867746353149,0.0,0.0,0.0,1.0,0.0,0.0,1.0,2.0,0.0,1.0,1.0,1.0,0.0,0.0,0.0,0.0,0.0,0.0,0.0,0.2607021629810333,5.539232081000001,0.739044418,4.800187663000001,4.401946067810059,0.3982415199279785
32,0.8353754281997681,0.19681812822818756,-0.733260989189148,-0.8796060085296631,-0.004017170052975416,-1.3546335697174072,0.0,0.0,0.0,1.0,0.0,0.0,0.0,2.0,0.0,1.0,0.0,1.0,0.0,0.0,0.0,0.0,1.0,0.0,0.0,0.0002935113152489066,1.400111695,6.1533867739999994,4.753275079,4.480794429779053,0.27248048782348633
33,-0.7426025867462158,-0.978717029094696,1.1285539865493774,-0.8796060085296631,0.12101723253726959,-0.36094000935554504,1.0,0.0,1.0,0.0,0.0,0.0,0.0,2.0,0.0,1.0,1.0,1.0,0.0,0.0,0.0,0.0,0.0,0.0,0.0,0.5086237788200378,1.028770687,6.158913693,5.130143006,4.27298641204834,0.8571567535400391
34,0.8569915890693665,0.5965821743011475,-1.1056239604949951,0.16170252859592438,1.371361255645752,-0.6921712160110474,0.0,0.0,1.0,0.0,1.0,0.0,0.0,1.0,0.0,1.0,0.0,1.0,1.0,0.0,0.0,0.0,0.0,0.0,0.0,0.009629885666072369,1.329745453,6.51877964,5.189034187,4.608494758605957,0.5805392265319824
35,0.6408302187919617,0.5965821743011475,-1.1056239604949951,0.16170252859592438,0.3085688352584839,1.4608315229415894,1.0,1.0,1.0,0.0,0.0,0.0,0.0,1.0,1.0,1.0,1.0,1.0,0.0,0.0,1.0,0.0,0.0,0.0,0.0,0.10801414400339127,3.509245258,7.3942973720000005,3.8850521140000005,2.3478336334228516,1.5372185707092285
36,-1.4775512218475342,-0.6027100086212158,1.8732799291610718,2.244319438934326,-1.379395604133606,0.3015223741531372,1.0,0.0,0.0,0.0,1.0,0.0,1.0,1.0,0.0,1.0,1.0,1.0,0.0,0.0,0.0,0.0,0.0,0.0,1.0,0.4133308231830597,3.105479392,7.956480063,4.8510006709999995,3.32181453704834,1.5291862487792969
37,0.7272947430610657,0.5965821743011475,0.38382798433303833,-0.8796060085296631,-1.754498839378357,0.3015223741531372,0.0,0.0,1.0,0.0,0.0,0.0,0.0,2.0,0.0,1.0,0.0,1.0,0.0,0.0,1.0,0.0,0.0,0.0,0.0,0.08837732672691345,2.9073355289999996,4.733033027,1.8256974980000007,4.231050491333008,-2.40535306930542
38,-0.15896686911582947,-3.8008224964141846,0.38382798433303833,0.16170252859592438,-0.9417752027511597,1.2952159643173218,1.0,0.0,1.0,0.0,0.0,0.0,0.0,1.0,0.0,1.0,1.0,1.0,0.0,0.0,0.0,0.0,0.0,0.0,1.0,0.5913620591163635,1.60438961,7.0331600420000004,5.428770432,6.493424892425537,-1.0646543502807617
39,-0.980380117893219,-1.002474069595337,1.5009169578552246,0.16170252859592438,0.7461892366409302,-1.3546335697174072,1.0,0.0,0.0,1.0,0.0,0.0,1.0,1.0,0.0,1.0,1.0,1.0,0.0,0.0,0.0,0.0,0.0,1.0,0.0,0.022544847801327705,1.307349395,6.5258839879999995,5.218534592999999,4.254767417907715,0.9637670516967773
40,-0.24543142318725586,-0.20294594764709473,0.38382798433303833,1.2030110359191895,-1.754498839378357,0.13590677082538605,1.0,0.0,1.0,0.0,1.0,0.0,1.0,1.0,0.0,1.0,1.0,1.0,0.0,0.0,0.0,0.0,0.0,0.0,1.0,0.8976656198501587,2.044122312,5.4059602270000005,3.3618379150000006,5.15341854095459,-1.7915806770324707
41,1.1812336444854736,0.5965821743011475,-1.8503499031066895,0.16170252859592438,0.4961204528808594,-0.029708821326494217,0.0,0.0,0.0,1.0,0.0,0.0,1.0,1.0,1.0,1.0,1.0,1.0,0.0,0.0,0.0,0.0,0.0,1.0,0.0,0.00788109004497528,3.326411684,6.813544309,3.487132625,3.7338297367095947,-0.24669718742370605
42,0.7921431660652161,0.5965821743011475,-0.3608979880809784,1.2030110359191895,1.371361255645752,-1.5202491283416748,1.0,0.0,0.0,1.0,0.0,0.0,0.0,1.0,0.0,1.0,0.0,1.0,0.0,1.0,0.0,0.0,0.0,0.0,0.0,0.0007170512690208852,1.149126733,7.517172187999999,6.368045454999999,4.333854675292969,2.0341906547546387
43,1.2028497457504272,0.5965821743011475,-1.4779869318008423,-0.8796060085296631,-1.9420504570007324,1.2952159643173218,0.0,0.0,1.0,0.0,0.0,0.0,0.0,2.0,1.0,1.0,1.0,1.0,0.0,0.0,0.0,0.0,0.0,0.0,1.0,0.2106991857290268,4.632189989,8.218505856,3.5863158670000006,2.046247959136963,1.5400679111480713
44,-1.0884608030319214,-1.402238130569458,1.1285539865493774,-0.8796060085296631,0.7461892366409302,-0.526555597782135,1.0,0.0,1.0,1.0,0.0,0.0,1.0,2.0,0.0,1.0,0.0,1.0,0.0,0.0,0.0,0.0,0.0,1.0,0.0,0.1040952205657959,1.877367196,5.424208722,3.5468415260000006,4.330617904663086,-0.7837762832641602
45,-2.3205807209014893,-3.0012943744659424,1.8732799291610718,-0.8796060085296631,-0.0665343701839447,-0.526555597782135,1.0,0.0,1.0,0.0,0.0,1.0,0.0,2.0,0.0,1.0,1.0,1.0,1.0,0.0,0.0,0.0,0.0,0.0,0.0,0.27538418769836426,-0.029618395,6.94905175,6.978670145,4.442995071411133,2.535675048828125
46,-0.029270043596625328,-0.20294594764709473,0.38382798433303833,-0.8796060085296631,-1.6294643878936768,0.13590677082538605,0.0,0.0,1.0,0.0,0.0,0.0,0.0,2.0,1.0,1.0,1.0,1.0,1.0,0.0,0.0,0.0,0.0,0.0,0.0,0.1170697957277298,2.621099819,6.25382443,3.632724611,3.4838271141052246,0.14889740943908691
47,0.4246688485145569,0.9963462352752686,-0.733260989189148,-0.8796060085296631,0.5586376786231995,-0.8577867746353149,1.0,0.0,1.0,0.0,1.0,0.0,0.0,2.0,0.0,1.0,1.0,1.0,0.0,1.0,0.0,0.0,0.0,0.0,0.0,0.037887632846832275,0.49974080600000004,6.385830267,5.886089461,4.456292152404785,1.4297971725463867
48,0.7921431660652161,1.3961102962493896,-0.3608979880809784,-0.8796060085296631,-0.0665343701839447,-1.0234023332595825,0.0,0.0,0.0,0.0,1.0,0.0,1.0,2.0,0.0,1.0,1.0,1.0,0.0,0.0,0.0,0.0,0.0,0.0,0.0,0.30773624777793884,2.23295175,6.001701337,3.7687495870000003,4.400446891784668,-0.631697416305542
49,-2.45027756690979,-2.6015303134918213,2.6180057525634766,-0.8796060085296631,-0.5666719675064087,1.4608315229415894,0.0,0.0,0.0,0.0,1.0,0.0,0.0,2.0,0.0,1.0,1.0,1.0,0.0,1.0,0.0,0.0,0.0,0.0,0.0,0.0010997463250532746,2.223686985,6.592374548,4.368687563,4.048364639282227,0.32032299041748047
50,0.7056786417961121,0.5965821743011475,-1.1056239604949951,0.16170252859592438,1.371361255645752,-0.526555597782135,0.0,1.0,0.0,0.0,0.0,1.0,1.0,1.0,0.0,1.0,1.0,1.0,0.0,0.0,0.0,0.0,0.0,0.0,0.0,0.025458013638854027,2.8080525769999998,5.1293767169999995,2.3213241399999998,4.412623405456543,-2.091299295425415
51,-1.2397737503051758,-1.002474069595337,0.011464990675449371,0.16170252859592438,2.121567726135254,-0.6921712160110474,1.0,0.0,0.0,1.0,0.0,0.0,0.0,1.0,0.0,1.0,1.0,1.0,0.0,0.0,0.0,0.0,0.0,1.0,0.0,0.0018379794200882316,1.073780005,6.512709967999999,5.438929963,4.455659866333008,0.9832701683044434
52,0.8137593269348145,0.9963462352752686,-1.1056239604949951,0.16170252859592438,0.9337408542633057,2.288909435272217,0.0,0.0,1.0,0.0,0.0,0.0,0.0,1.0,1.0,1.0,1.0,1.0,0.0,0.0,0.0,0.0,0.0,0.0,0.0,0.16267667710781097,7.155599037999999,7.875369697000001,0.7197706590000017,-0.08219259977340698,0.8019632697105408
53,-0.9155316948890686,-1.402238130569458,1.1285539865493774,1.2030110359191895,-0.6917064189910889,0.3015223741531372,1.0,0.0,0.0,1.0,0.0,0.0,1.0,1.0,0.0,1.0,0.0,1.0,0.0,0.0,0.0,1.0,0.0,0.0,0.0,0.0023251064121723175,2.257818103,4.368622963,2.11080486,4.267726898193359,-2.1569221019744873
54,0.4679011106491089,-0.20294594764709473,-0.733260989189148,0.16170252859592438,0.058500032871961594,1.9576783180236816,1.0,0.0,0.0,1.0,0.0,0.0,1.0,1.0,0.0,1.0,1.0,1.0,1.0,0.0,0.0,0.0,0.0,0.0,0.0,0.2196946144104004,4.7620903530000005,8.26479485,3.502704496999999,3.261889934539795,0.2408144474029541
55,-0.526441216468811,-0.6027100086212158,0.7561909556388855,1.2030110359191895,-0.4416375756263733,-0.8577867746353149,0.0,0.0,1.0,1.0,0.0,0.0,0.0,1.0,0.0,1.0,1.0,0.0,0.0,0.0,0.0,0.0,0.0,1.0,0.0,0.07258439809083939,1.5746652190000001,6.605022905,5.030357686,4.261122703552246,0.7692351341247559
56,-0.26704755425453186,-0.6027100086212158,0.38382798433303833,-0.8796060085296631,-0.7542235851287842,-0.526555597782135,1.0,0.0,0.0,0.0,1.0,0.0,0.0,2.0,0.0,1.0,1.0,1.0,0.0,0.0,0.0,0.0,0.0,1.0,0.0,0.2051144540309906,2.551956358,6.750624796,4.198668438,4.4583210945129395,-0.25965261459350586
57,0.07881063967943192,-0.20294594764709473,0.7561909556388855,-0.8796060085296631,0.2460516393184662,0.13590677082538605,0.0,0.0,1.0,0.0,1.0,0.0,0.0,2.0,0.0,1.0,1.0,1.0,0.0,1.0,0.0,0.0,0.0,0.0,0.0,0.05490793660283089,1.9359067840000002,6.822996926,4.887090142,3.9549145698547363,0.9321756362915039
58,0.4462849795818329,-0.26379624009132385,-1.4779869318008423,-0.8796060085296631,0.9962580800056458,-0.526555597782135,1.0,0.0,1.0,0.0,0.0,1.0,0.0,2.0,0.0,1.0,1.0,1.0,0.0,0.0,0.0,0.0,0.0,0.0,1.0,0.24148990213871002,2.624395067,7.426844328,4.802449261,4.516208648681641,0.2862405776977539
59,0.6840624809265137,0.5965821743011475,-1.4779869318008423,-0.8796060085296631,0.6211548447608948,-1.1890180110931396,1.0,0.0,0.0,1.0,0.0,0.0,0.0,2.0,0.0,1.0,1.0,1.0,0.0,0.0,0.0,0.0,0.0,0.0,1.0,0.17809058725833893,2.2234278180000002,4.160612867,1.937185049,4.557178974151611,-2.6199939250946045
60,0.3165881633758545,0.19681812822818756,-0.3608979880809784,0.16170252859592438,-0.1290515810251236,2.288909435272217,0.0,0.0,0.0,0.0,0.0,1.0,0.0,1.0,0.0,1.0,1.0,1.0,0.0,1.0,0.0,0.0,0.0,0.0,0.0,0.006707899738103151,7.068151466000001,8.500508552000001,1.4323570860000006,1.8572137355804443,-0.42485666275024414
61,-1.8234094381332397,-2.2017662525177,0.7561909556388855,1.2030110359191895,-1.0668096542358398,1.1296002864837646,1.0,0.0,0.0,0.0,1.0,0.0,1.0,1.0,0.0,1.0,0.0,1.0,0.0,0.0,0.0,1.0,0.0,0.0,0.0,0.001590742846019566,3.949552277,6.1969293389999995,2.2473770619999995,4.013486862182617,-1.7661097049713135
62,-0.5048250555992126,-0.3782636523246765,-0.3608979880809784,1.2030110359191895,0.3710860311985016,-0.029708821326494217,1.0,0.0,0.0,0.0,1.0,0.0,0.0,1.0,0.0,1.0,0.0,1.0,0.0,0.0,0.0,0.0,1.0,0.0,0.0,4.5652359403902665e-05,1.9029063609999999,6.265911489,4.363005127999999,4.4063873291015625,-0.04338216781616211
63,-0.27785563468933105,0.5965821743011475,0.38382798433303833,-0.8796060085296631,-0.1290515810251236,0.3015223741531372,0.0,0.0,1.0,0.0,1.0,0.0,0.0,2.0,1.0,1.0,1.0,1.0,0.0,0.0,1.0,0.0,0.0,0.0,0.0,0.050246383994817734,2.423222618,7.49370975,5.070487132,3.4186220169067383,1.651865005493164
64,1.1877185106277466,0.5965821743011475,-0.3608979880809784,0.16170252859592438,-0.004017170052975416,0.4671379625797272,0.0,0.0,0.0,0.0,0.0,1.0,1.0,1.0,0.0,1.0,1.0,1.0,1.0,0.0,0.0,0.0,0.0,0.0,0.0,0.12098868936300278,3.608094297,5.855700243999999,2.2476059469999994,4.277048110961914,-2.029442071914673
65,-1.0884608030319214,-1.402238130569458,1.1285539865493774,0.16170252859592438,0.8087064623832703,-0.526555597782135,1.0,0.0,0.0,0.0,1.0,0.0,0.0,1.0,0.0,1.0,1.0,0.0,0.0,1.0,0.0,0.0,0.0,0.0,0.0,0.0012539948802441359,-0.14528432800000002,6.038641987,6.183926315,4.551621437072754,1.6323046684265137
66,1.3109304904937744,1.3961102962493896,-1.4779869318008423,2.244319438934326,-0.8792579770088196,-0.029708821326494217,0.0,0.0,0.0,0.0,1.0,0.0,0.0,1.0,0.0,1.0,0.0,1.0,0.0,0.0,0.0,0.0,0.0,0.0,0.0,0.09559201449155807,1.768235605,6.648325536000001,4.8800899310000005,4.464052677154541,0.41603708267211914
67,-1.520783543586731,-0.20294594764709473,0.38382798433303833,0.16170252859592438,0.4336032569408417,1.792062759399414,1.0,1.0,1.0,0.0,0.0,0.0,0.0,1.0,0.0,1.0,0.0,1.0,0.0,0.0,1.0,0.0,0.0,0.0,0.0,0.5535010099411011,3.372611362,7.185988109,3.8133767470000004,3.764519214630127,0.04885745048522949
68,0.013962230645120144,0.19681812822818756,0.011464990675449371,1.2030110359191895,0.4961204528808594,1.1296002864837646,0.0,0.0,0.0,0.0,0.0,1.0,1.0,1.0,0.0,1.0,1.0,1.0,0.0,1.0,0.0,0.0,0.0,0.0,0.0,0.04062201455235481,4.308376312,6.530411072000001,2.2220347600000006,3.560521364212036,-1.338486671447754
69,0.9650722742080688,0.19681812822818756,-0.3608979880809784,-0.8796060085296631,0.8712236881256104,-1.685864806175232,0.0,0.0,0.0,1.0,0.0,0.0,0.0,2.0,0.0,1.0,0.0,1.0,1.0,0.0,0.0,0.0,0.0,0.0,0.0,0.11780864745378494,0.8868565190000001,3.2543750780000003,2.367518559,4.553288459777832,-2.18576979637146
70,0.9434561729431152,-0.20294594764709473,-0.3608979880809784,-0.8796060085296631,0.7461892366409302,-0.6921712160110474,1.0,0.0,0.0,1.0,0.0,0.0,1.0,2.0,0.0,1.0,0.0,1.0,0.0,1.0,0.0,0.0,0.0,0.0,0.0,0.018873799592256546,1.92557436,5.435043832000001,3.509469472000001,4.525441646575928,-1.0159721374511719
71,0.5759817957878113,0.9963462352752686,-0.3608979880809784,-0.8796060085296631,0.5586376786231995,0.4671379625797272,0.0,0.0,1.0,0.0,0.0,0.0,0.0,2.0,0.0,1.0,1.0,1.0,0.0,0.0,0.0,0.0,0.0,0.0,0.0,0.5648654103279114,3.552016775,6.448697629,2.896680854,4.206432342529297,-1.3097515106201172
72,1.2028497457504272,0.5965821743011475,-0.3608979880809784,0.16170252859592438,-0.4416375756263733,-1.3546335697174072,0.0,0.0,0.0,1.0,0.0,0.0,0.0,1.0,0.0,1.0,0.0,1.0,0.0,0.0,0.0,1.0,0.0,0.0,0.0,0.01794879510998726,0.7516341999999999,6.106585125,5.354950925,4.694952964782715,0.6599979400634766
73,-0.569673478603363,-1.002474069595337,2.6180057525634766,-0.8796060085296631,-0.2540859878063202,0.9639847278594971,0.0,0.0,1.0,0.0,0.0,0.0,0.0,2.0,0.0,1.0,1.0,1.0,0.0,0.0,0.0,0.0,0.0,0.0,1.0,0.29631128907203674,2.026892905,7.020660038,4.993767133,3.853546142578125,1.140221118927002
74,-0.6777541637420654,-0.20294594764709473,-0.733260989189148,0.16170252859592438,-1.754498839378357,1.2952159643173218,1.0,1.0,1.0,0.0,0.0,0.0,0.0,1.0,0.0,1.0,1.0,1.0,0.0,0.0,1.0,0.0,0.0,0.0,0.0,0.5930065512657166,3.569252987,7.426776117999999,3.8575231309999993,4.25387716293335,-0.39635396003723145
75,-0.11573459208011627,-0.20294594764709473,-0.733260989189148,0.16170252859592438,-0.004017170052975416,-1.3546335697174072,1.0,1.0,0.0,1.0,0.0,0.0,0.0,1.0,0.0,1.0,0.0,1.0,1.0,0.0,0.0,0.0,0.0,0.0,0.0,0.063431017100811,0.260138702,4.944882101,4.684743399,4.430842399597168,0.25390100479125977
76,-0.6561380624771118,-1.002474069595337,0.7561909556388855,0.16170252859592438,0.6211548447608948,-0.526555597782135,1.0,0.0,0.0,0.0,1.0,0.0,0.0,1.0,0.0,1.0,0.0,1.0,0.0,0.0,0.0,0.0,0.0,1.0,0.0,0.0014006035635247827,3.987803135,5.088698493,1.1008953579999998,4.498593807220459,-3.397698402404785
77,1.332546591758728,0.9963462352752686,0.7561909556388855,0.16170252859592438,-0.6291891932487488,0.9639847278594971,0.0,0.0,1.0,0.0,0.0,1.0,0.0,1.0,0.0,1.0,1.0,1.0,0.0,0.0,0.0,0.0,0.0,0.0,1.0,0.07736888527870178,1.470431159,6.951754499,5.481323339999999,3.6643614768981934,1.8169617652893066
78,-0.612905740737915,-0.6027100086212158,0.38382798433303833,0.16170252859592438,0.2460516393184662,-1.1890180110931396,0.0,0.0,0.0,1.0,0.0,0.0,0.0,1.0,0.0,1.0,0.0,1.0,0.0,0.0,0.0,1.0,0.0,0.0,0.0,0.002028306946158409,0.8106123759999999,8.554241009,7.743628633,4.44388484954834,3.29974365234375
79,0.4246688485145569,0.5965821743011475,-0.733260989189148,1.2030110359191895,1.4338785409927368,0.4671379625797272,1.0,0.0,0.0,1.0,0.0,0.0,1.0,1.0,0.0,1.0,1.0,1.0,1.0,0.0,0.0,0.0,0.0,0.0,0.0,0.04505084827542305,1.63805888,6.369189525,4.731130645,4.213309288024902,0.5178213119506836
80,0.2085074633359909,0.9963462352752686,1.1285539865493774,0.16170252859592438,-0.5041548013687134,1.1296002864837646,1.0,0.0,1.0,0.0,0.0,1.0,0.0,1.0,0.0,1.0,1.0,1.0,0.0,0.0,0.0,0.0,0.0,0.0,1.0,0.13083285093307495,3.8788345580000003,6.482705827,2.603871269,2.7624459266662598,-0.15857458114624023
81,0.5111333727836609,0.19681812822818756,0.011464990675449371,0.16170252859592438,-0.3791203796863556,-0.36094000935554504,0.0,0.0,1.0,0.0,1.0,0.0,0.0,1.0,0.0,1.0,1.0,1.0,0.0,0.0,0.0,0.0,0.0,0.0,0.0,0.2736015319824219,3.142097515,6.380900732000001,3.2388032170000005,4.325299263000488,-1.086496114730835
82,0.9866884350776672,0.19681812822818756,-0.3608979880809784,-0.8796060085296631,0.4336032569408417,-0.526555597782135,1.0,0.0,1.0,1.0,0.0,0.0,0.0,2.0,0.0,1.0,1.0,1.0,0.0,1.0,0.0,0.0,0.0,0.0,0.0,0.14642645418643951,2.997358985,6.159853657999999,3.1624946729999994,4.530137062072754,-1.3676424026489258
83,-1.4559351205825806,-1.402238130569458,0.011464990675449371,-0.8796060085296631,0.8087064623832703,-1.5202491283416748,1.0,0.0,0.0,1.0,0.0,0.0,0.0,2.0,0.0,1.0,0.0,1.0,0.0,0.0,0.0,0.0,1.0,0.0,0.0,1.8282817109138705e-05,0.68615379,3.945346652,3.259192862,4.463265895843506,-1.2040729522705078
84,-1.5640158653259277,-1.002474069595337,1.8732799291610718,-0.8796060085296631,0.7461892366409302,0.9639847278594971,1.0,0.0,0.0,0.0,0.0,1.0,0.0,2.0,1.0,1.0,1.0,1.0,0.0,0.0,1.0,0.0,0.0,0.0,0.0,0.046781186014413834,2.9006187999999997,8.124109307000001,5.223490507000001,4.017827987670898,1.205662727355957
85,0.9218400120735168,1.3961102962493896,-0.3608979880809784,2.244319438934326,0.8712236881256104,0.3015223741531372,1.0,0.0,0.0,0.0,0.0,1.0,1.0,1.0,0.0,0.0,0.0,1.0,0.0,0.0,0.0,1.0,0.0,0.0,0.0,0.37012991309165955,3.597912233,6.016179554,2.4182673209999996,4.281905651092529,-1.8636384010314941
86,-0.11573459208011627,-0.20294594764709473,-0.733260989189148,2.244319438934326,-1.1293268203735352,1.4608315229415894,1.0,0.0,1.0,1.0,0.0,0.0,0.0,1.0,1.0,1.0,1.0,0.0,0.0,0.0,0.0,0.0,0.0,1.0,0.0,0.10318782925605774,6.330594025,7.851502274,1.5209082489999997,0.03318452835083008,1.487723708152771
87,-1.3240766525268555,-0.6027100086212158,1.8732799291610718,0.16170252859592438,-0.1290515810251236,-1.1890180110931396,1.0,0.0,0.0,1.0,0.0,0.0,0.0,1.0,0.0,1.0,0.0,1.0,0.0,0.0,0.0,0.0,1.0,0.0,0.0,5.256016447674483e-05,1.7180347180000002,6.139983513,4.421948795,4.1540446281433105,0.26790428161621094
88,1.2028497457504272,1.3961102962493896,-1.4779869318008423,0.16170252859592438,0.2460516393184662,-0.8577867746353149,0.0,0.0,1.0,0.0,1.0,0.0,0.0,1.0,0.0,1.0,1.0,1.0,1.0,0.0,0.0,0.0,0.0,0.0,0.0,0.01385093480348587,1.4885128859999999,5.331710608,3.843197722,4.69838809967041,-0.8551902770996094
89,-0.8722994327545166,-0.6027100086212158,0.38382798433303833,2.244319438934326,0.6211548447608948,1.4608315229415894,0.0,0.0,1.0,0.0,1.0,0.0,0.0,1.0,0.0,1.0,1.0,1.0,1.0,0.0,0.0,0.0,0.0,0.0,0.0,0.001849489170126617,4.596619876,7.570358564,2.973738688,3.4073123931884766,-0.43357372283935547
90,-1.6720964908599854,-1.402238130569458,1.8732799291610718,2.244319438934326,0.5586376786231995,1.626447081565857,0.0,0.0,0.0,1.0,0.0,0.0,1.0,1.0,1.0,1.0,1.0,1.0,0.0,0.0,0.0,0.0,0.0,1.0,0.0,0.005578618496656418,8.581096083,7.829016900000001,-0.7520791829999993,-0.3075592517852783,-0.44451993703842163
91,-1.9747223854064941,-2.2017662525177,2.6180057525634766,-0.8796060085296631,-0.6291891932487488,-0.526555597782135,1.0,0.0,1.0,0.0,0.0,1.0,1.0,2.0,0.0,1.0,1.0,1.0,1.0,0.0,0.0,0.0,0.0,0.0,0.0,0.5433304309844971,3.2154020219999997,5.272286885,2.056884863,4.362271785736084,-2.305387020111084
92,-2.255732297897339,-1.402238130569458,1.5009169578552246,-0.8796060085296631,-0.1290515810251236,-1.0234023332595825,1.0,0.0,0.0,1.0,0.0,0.0,0.0,2.0,0.0,1.0,0.0,1.0,0.0,0.0,0.0,0.0,0.0,1.0,0.0,0.001567864092066884,0.605363643,4.994208302,4.388844659,4.47464656829834,-0.08580207824707031
93,-0.6561380624771118,-0.20294594764709473,0.011464990675449371,-0.8796060085296631,-0.5666719675064087,-1.1890180110931396,0.0,0.0,1.0,0.0,1.0,0.0,0.0,2.0,0.0,1.0,1.0,1.0,0.0,0.0,0.0,0.0,0.0,0.0,1.0,0.346475750207901,1.455361161,6.316084388999999,4.8607232279999995,4.640223979949951,0.22049903869628906
94,1.419011116027832,1.3961102962493896,-1.4779869318008423,1.2030110359191895,-0.3166031837463379,0.7983691692352295,0.0,0.0,0.0,1.0,0.0,0.0,1.0,1.0,0.0,1.0,1.0,1.0,0.0,0.0,1.0,0.0,0.0,0.0,0.0,0.007931425236165524,2.9816832360000003,6.45230455,3.4706213139999997,4.321649074554443,-0.8510277271270752
95,-0.8939155340194702,-0.6027100086212158,1.1285539865493774,-0.8796060085296631,-1.1918439865112305,-1.5202491283416748,1.0,0.0,1.0,1.0,0.0,0.0,1.0,2.0,0.0,0.0,1.0,1.0,0.0,0.0,0.0,0.0,0.0,1.0,0.0,0.7090998888015747,0.7503001709999999,5.6488051310000005,4.89850496,4.543118476867676,0.35538625717163086
96,1.3541628122329712,1.3961102962493896,-0.3608979880809784,0.16170252859592438,-1.8170160055160522,-1.0234023332595825,0.0,0.0,0.0,1.0,0.0,0.0,0.0,1.0,0.0,1.0,0.0,1.0,0.0,1.0,0.0,0.0,0.0,0.0,0.0,0.026704248040914536,1.4432530680000002,5.432690313999999,3.989437245999999,4.120912075042725,-0.13147473335266113
97,1.4838595390319824,0.9963462352752686,-0.3608979880809784,0.16170252859592438,-1.1918439865112305,-0.19532442092895508,1.0,0.0,1.0,0.0,1.0,0.0,1.0,1.0,1.0,1.0,0.0,1.0,1.0,0.0,0.0,0.0,0.0,0.0,0.0,0.6715664863586426,2.336874097,6.25688339,3.9200092929999997,3.937208414077759,-0.017199039459228516
98,1.15961754322052,0.9963462352752686,-1.8503499031066895,-0.8796060085296631,-0.7542235851287842,-1.5202491283416748,0.0,0.0,1.0,1.0,0.0,0.0,1.0,2.0,0.0,0.0,0.0,1.0,0.0,0.0,0.0,0.0,0.0,0.0,1.0,0.7144017219543457,0.23084982699999998,6.243433822,6.012583995,4.899916648864746,1.1126675605773926
99,-1.931490182876587,-2.2017662525177,2.245642900466919,1.2030110359191895,-0.2540859878063202,-0.029708821326494217,0.0,0.0,1.0,0.0,1.0,0.0,0.0,1.0,0.0,1.0,0.0,1.0,0.0,0.0,0.0,0.0,0.0,1.0,0.0,0.002175030531361699,0.502374578,6.639811101,6.137436523,3.937835216522217,2.199601173400879
100,1.332546591758728,1.3961102962493896,-0.3608979880809784,-0.8796060085296631,-0.9417752027511597,0.3015223741531372,0.0,1.0,1.0,0.0,0.0,1.0,0.0,2.0,0.0,1.0,1.0,1.0,0.0,0.0,1.0,0.0,0.0,0.0,0.0,0.051662929356098175,1.8842436390000001,4.5824690189999995,2.6982253799999993,4.122014999389648,-1.4237895011901855
101,-0.5480573177337646,-0.20294594764709473,-0.3608979880809784,-0.8796060085296631,0.1835344433784485,-0.36094000935554504,0.0,1.0,0.0,0.0,0.0,1.0,1.0,2.0,0.0,1.0,1.0,1.0,0.0,0.0,1.0,0.0,0.0,0.0,0.0,0.20526838302612305,0.558776203,6.471721498,5.912945295,4.428195953369141,1.4847493171691895
102,1.3973950147628784,0.9963462352752686,-1.1056239604949951,-0.8796060085296631,-0.3166031837463379,-0.36094000935554504,0.0,0.0,1.0,0.0,0.0,0.0,0.0,2.0,0.0,1.0,1.0,1.0,0.0,0.0,1.0,0.0,0.0,0.0,0.0,0.12666603922843933,2.250891991,4.144113228,1.8932212370000001,4.38218355178833,-2.488962173461914
103,1.2893143892288208,1.7958743572235107,-1.4779869318008423,-0.8796060085296631,-0.7542235851287842,-0.526555597782135,0.0,0.0,0.0,0.0,0.0,1.0,0.0,2.0,0.0,1.0,1.0,0.0,0.0,1.0,0.0,0.0,0.0,0.0,0.0,0.005266227759420872,1.6253859240000001,6.811773024,5.186387099999999,4.0800933837890625,1.1062936782836914
104,0.8029512763023376,0.9963462352752686,-1.4779869318008423,1.2030110359191895,0.6211548447608948,1.2952159643173218,1.0,0.0,1.0,0.0,0.0,1.0,0.0,1.0,0.0,1.0,0.0,1.0,0.0,1.0,0.0,0.0,0.0,0.0,0.0,0.024150388315320015,4.424743769,6.099551716000001,1.6748079470000006,3.292658805847168,-1.61785089969635
105,0.9650722742080688,0.9963462352752686,-0.3608979880809784,1.2030110359191895,0.058500032871961594,1.792062759399414,1.0,0.0,1.0,0.0,0.0,0.0,0.0,1.0,0.0,1.0,1.0,1.0,0.0,0.0,1.0,0.0,0.0,0.0,0.0,0.15271560847759247,5.162364443,9.018457523,3.85609308,2.6475086212158203,1.2085845470428467
106,-1.2181576490402222,-0.6027100086212158,-0.3608979880809784,1.2030110359191895,-1.9420504570007324,-0.029708821326494217,0.0,0.0,1.0,0.0,0.0,1.0,0.0,1.0,0.0,1.0,0.0,1.0,0.0,0.0,0.0,1.0,0.0,0.0,0.0,0.28450527787208557,3.271907407,7.828267342,4.556359935,4.636935234069824,-0.08057546615600586
107,-0.22381527721881866,-0.20294594764709473,-0.3608979880809784,0.16170252859592438,-0.4416375756263733,-0.029708821326494217,1.0,0.0,0.0,1.0,0.0,0.0,1.0,1.0,1.0,1.0,0.0,1.0,0.0,1.0,0.0,0.0,0.0,0.0,0.0,0.0033780536614358425,3.6621882639999996,8.993273924,5.331085660000001,4.0311279296875,1.2999577522277832
108,0.057194504886865616,0.19681812822818756,-0.3608979880809784,-0.8796060085296631,0.1835344433784485,-1.3546335697174072,1.0,0.0,0.0,1.0,0.0,0.0,0.0,2.0,0.0,1.0,1.0,1.0,0.0,0.0,0.0,0.0,0.0,1.0,0.0,0.03842383623123169,0.803277441,4.248769009,3.445491568,4.431076526641846,-0.9855849742889404
109,-0.569673478603363,0.19681812822818756,-1.1056239604949951,2.244319438934326,2.30911922454834,-0.36094000935554504,1.0,1.0,0.0,0.0,0.0,1.0,0.0,1.0,1.0,0.0,0.0,1.0,0.0,0.0,0.0,0.0,0.0,0.0,1.0,0.0347554013133049,3.533511695,8.331171841,4.797660146,3.668057441711426,1.1296029090881348
110,-0.31027984619140625,-0.20294594764709473,-0.3608979880809784,-0.8796060085296631,-3.00484299659729,-0.526555597782135,1.0,0.0,1.0,1.0,0.0,0.0,1.0,2.0,0.0,1.0,1.0,1.0,0.0,0.0,0.0,0.0,0.0,1.0,0.0,0.6969223618507385,2.171467858,6.071988954,3.900521096,4.1711835861206055,-0.2706625461578369
111,0.1868913322687149,0.5965821743011475,-0.733260989189148,2.244319438934326,1.4963957071304321,-1.1890180110931396,0.0,0.0,0.0,1.0,0.0,0.0,0.0,1.0,0.0,1.0,0.0,1.0,0.0,0.0,0.0,0.0,0.0,1.0,0.0,0.0006411814247258008,3.06370113,6.632418125,3.568716995,4.017780303955078,-0.4490633010864258
112,0.2301236093044281,0.5965821743011475,-0.733260989189148,-0.8796060085296631,-0.2540859878063202,-0.029708821326494217,0.0,0.0,1.0,0.0,0.0,1.0,0.0,2.0,1.0,1.0,1.0,1.0,0.0,0.0,0.0,0.0,1.0,0.0,0.0,0.010513359680771828,2.009034235,5.932198669,3.923164434,3.8654086589813232,0.05775570869445801
113,1.0083045959472656,0.9963462352752686,-1.4779869318008423,0.16170252859592438,-0.1290515810251236,0.3015223741531372,1.0,0.0,1.0,0.0,0.0,0.0,0.0,1.0,0.0,1.0,0.0,1.0,0.0,0.0,0.0,0.0,0.0,0.0,1.0,0.2593538165092468,2.075278183,6.7091190460000005,4.6338408630000005,4.321408271789551,0.31243276596069336
114,-1.434319019317627,-1.402238130569458,0.7561909556388855,-0.8796060085296631,-0.0665343701839447,1.4608315229415894,1.0,0.0,1.0,0.0,0.0,0.0,0.0,2.0,0.0,0.0,1.0,1.0,0.0,0.0,0.0,0.0,0.0,0.0,1.0,0.817089855670929,2.7068199269999997,8.89051077,6.183690843000001,5.049738883972168,1.1339521408081055
115,0.4246688485145569,0.9963462352752686,0.38382798433303833,1.2030110359191895,-0.1290515810251236,-0.6921712160110474,0.0,1.0,0.0,1.0,0.0,0.0,0.0,1.0,0.0,1.0,1.0,1.0,0.0,1.0,0.0,0.0,0.0,0.0,0.0,0.0817922055721283,2.025059078,4.071561585,2.0465025070000005,4.044004917144775,-1.997502326965332
116,-0.31027984619140625,-0.20294594764709473,1.5009169578552246,0.16170252859592438,-0.1915687769651413,0.4671379625797272,1.0,0.0,1.0,0.0,0.0,0.0,0.0,1.0,1.0,1.0,1.0,1.0,0.0,0.0,1.0,0.0,0.0,0.0,0.0,0.05145854875445366,2.47727284,6.727196833,4.2499239929999995,3.5141913890838623,0.7357327938079834
117,0.4246688485145569,0.19681812822818756,0.38382798433303833,0.16170252859592438,0.5586376786231995,-1.5202491283416748,1.0,0.0,0.0,1.0,0.0,0.0,1.0,1.0,0.0,1.0,0.0,1.0,0.0,0.0,0.0,1.0,0.0,0.0,0.0,0.012040856294333935,0.355535036,5.774501148,5.418966112,4.695784091949463,0.723182201385498
118,0.4030527174472809,0.5965821743011475,-1.1056239604949951,-0.8796060085296631,0.2460516393184662,-0.029708821326494217,1.0,0.0,1.0,0.0,0.0,1.0,0.0,2.0,0.0,1.0,1.0,1.0,1.0,0.0,0.0,0.0,0.0,0.0,0.0,0.11742448806762695,0.6762934070000001,5.192398998,4.516105591,4.640478610992432,-0.12437295913696289
119,-1.8017933368682861,-2.2017662525177,1.8732799291610718,-0.8796060085296631,0.2460516393184662,2.951371908187866,1.0,0.0,1.0,0.0,0.0,0.0,0.0,2.0,1.0,0.0,1.0,1.0,0.0,0.0,0.0,0.0,0.0,0.0,0.0,0.5567013621330261,9.280047298,7.624708393,-1.6553389049999998,0.3374910354614258,-1.9928299188613892
120,-1.0668447017669678,-1.802002191543579,1.1285539865493774,1.2030110359191895,0.6836720705032349,1.2952159643173218,0.0,0.0,1.0,0.0,0.0,1.0,1.0,1.0,0.0,1.0,1.0,1.0,0.0,1.0,0.0,0.0,0.0,0.0,0.0,0.04459831491112709,5.430931447000001,6.861205264,1.430273816999999,3.065608024597168,-1.6353342533111572
121,0.3382042944431305,0.5965821743011475,-0.733260989189148,0.16170252859592438,0.6211548447608948,-0.19532442092895508,0.0,0.0,1.0,0.0,1.0,0.0,0.0,1.0,0.0,1.0,0.0,1.0,1.0,0.0,0.0,0.0,0.0,0.0,0.0,0.021237047389149666,1.44911224,6.2518666529999996,4.802754413,4.443724155426025,0.35903024673461914
122,0.1436590552330017,-0.20294594764709473,-0.733260989189148,0.16170252859592438,0.8087064623832703,1.1296002864837646,1.0,1.0,1.0,0.0,0.0,1.0,1.0,1.0,0.0,0.0,1.0,1.0,0.0,0.0,0.0,0.0,0.0,0.0,1.0,0.33746138215065,4.4987343730000005,6.522924867,2.024190494,3.808427333831787,-1.7842369079589844
123,-0.15896686911582947,-0.20294594764709473,0.7561909556388855,1.2030110359191895,-0.5666719675064087,-0.19532442092895508,0.0,0.0,0.0,0.0,0.0,1.0,0.0,1.0,0.0,1.0,1.0,1.0,1.0,0.0,0.0,0.0,0.0,0.0,0.0,0.0732399970293045,0.695405609,5.693242239,4.99783663,4.229950904846191,0.767885684967041
124,0.3165881633758545,0.19681812822818756,-0.733260989189148,2.244319438934326,0.6836720705032349,0.6327535510063171,0.0,0.0,0.0,0.0,1.0,0.0,1.0,1.0,1.0,0.0,0.0,1.0,0.0,0.0,0.0,0.0,0.0,0.0,1.0,0.04160119593143463,5.679426224,8.067399822,2.3879735980000003,2.2067697048187256,0.18120384216308594
125,-0.20219914615154266,-0.20294594764709473,-0.733260989189148,-0.8796060085296631,1.1212924718856812,-0.36094000935554504,1.0,0.0,1.0,0.0,0.0,1.0,0.0,2.0,0.0,1.0,0.0,1.0,0.0,0.0,0.0,0.0,1.0,0.0,0.0,0.0012785961152985692,1.44741284,8.495191201,7.047778361000001,4.453890800476074,2.5938873291015625
126,1.4838595390319824,0.5965821743011475,-0.3608979880809784,-0.8796060085296631,-0.004017170052975416,-0.19532442092895508,1.0,0.0,0.0,0.0,1.0,0.0,0.0,2.0,0.0,1.0,1.0,1.0,0.0,0.0,0.0,0.0,0.0,0.0,1.0,0.6591550707817078,1.4384829890000002,5.143269939,3.7047869499999995,4.512398719787598,-0.8076117038726807
127,0.3165881633758545,0.5965821743011475,-0.3608979880809784,-0.8796060085296631,0.3710860311985016,-1.1890180110931396,1.0,0.0,1.0,0.0,1.0,0.0,0.0,2.0,0.0,1.0,0.0,1.0,0.0,1.0,0.0,0.0,0.0,0.0,0.0,0.017010407522320747,1.938568293,6.221719527,4.283151234,4.4632110595703125,-0.18005990982055664
128,0.6624463796615601,0.5965821743011475,-1.1056239604949951,1.2030110359191895,0.3085688352584839,-0.19532442092895508,1.0,0.0,0.0,0.0,1.0,0.0,1.0,1.0,0.0,1.0,1.0,1.0,0.0,0.0,0.0,0.0,0.0,1.0,0.0,0.004739494528621435,4.520766758,5.286992218,0.7662254600000002,4.25360107421875,-3.4873757362365723
129,-0.43997666239738464,-0.20294594764709473,-0.3608979880809784,1.2030110359191895,0.9962580800056458,-0.029708821326494217,0.0,0.0,0.0,0.0,1.0,0.0,1.0,1.0,0.0,1.0,1.0,1.0,0.0,0.0,0.0,0.0,0.0,1.0,0.0,0.006572800222784281,0.876357708,5.184113348,4.30775564,4.089861869812012,0.2178936004638672
130,-0.14815880358219147,0.19681812822818756,0.38382798433303833,1.2030110359191895,0.9962580800056458,0.6327535510063171,1.0,0.0,1.0,1.0,0.0,0.0,1.0,1.0,1.0,1.0,0.0,1.0,0.0,1.0,0.0,0.0,0.0,0.0,0.0,0.061254262924194336,4.988575376,7.1093290289999995,2.1207536529999995,2.6421186923980713,-0.5213649272918701
131,0.3165881633758545,0.5965821743011475,-1.4779869318008423,-0.8796060085296631,2.2466020584106445,-0.8577867746353149,1.0,0.0,0.0,0.0,1.0,0.0,1.0,2.0,1.0,1.0,1.0,1.0,1.0,0.0,0.0,0.0,0.0,0.0,0.0,0.0013129540020599961,2.5723633759999998,7.524447541,4.9520841650000005,4.418319225311279,0.5337648391723633
132,0.7272947430610657,1.3961102962493896,-0.3608979880809784,1.2030110359191895,-0.3166031837463379,0.7983691692352295,0.0,0.0,1.0,1.0,0.0,0.0,0.0,1.0,0.0,1.0,0.0,1.0,0.0,0.0,0.0,0.0,0.0,1.0,0.0,0.2811933755874634,3.182114013,5.342470605,2.160356592,2.9882583618164062,-0.8279018402099609
133,-0.6993703246116638,0.19681812822818756,0.7561909556388855,-0.8796060085296631,1.1838096380233765,-1.1890180110931396,1.0,0.0,0.0,1.0,0.0,0.0,0.0,2.0,0.0,1.0,0.0,1.0,0.0,1.0,0.0,0.0,0.0,0.0,0.0,0.015300613828003407,1.787881052,6.542804916000001,4.754923864,4.42769718170166,0.3272266387939453
134,-2.0179545879364014,-1.802002191543579,1.8732799291610718,1.2030110359191895,-0.004017170052975416,-1.1890180110931396,1.0,1.0,0.0,0.0,1.0,0.0,1.0,1.0,0.0,1.0,0.0,1.0,1.0,0.0,0.0,0.0,0.0,0.0,0.0,0.0021073101088404655,1.052633262,6.77717239,5.724539128,4.288148880004883,1.4363903999328613
135,-0.33189597725868225,0.5965821743011475,-0.3608979880809784,0.16170252859592438,0.3710860311985016,1.4608315229415894,1.0,1.0,1.0,0.0,1.0,0.0,0.0,1.0,0.0,1.0,0.0,1.0,0.0,0.0,0.0,0.0,0.0,0.0,0.0,0.12806475162506104,4.07253576,6.13972234,2.0671865799999996,3.7071402072906494,-1.63995361328125
136,0.07881063967943192,0.19681812822818756,1.1285539865493774,-0.8796060085296631,-0.0665343701839447,2.288909435272217,1.0,0.0,1.0,0.0,0.0,1.0,0.0,2.0,0.0,1.0,1.0,1.0,0.0,0.0,1.0,0.0,0.0,0.0,0.0,0.11111331731081009,5.229642233,8.477253667000001,3.2476114340000013,3.2075819969177246,0.04002952575683594
137,0.7489109039306641,0.9963462352752686,0.011464990675449371,1.2030110359191895,-0.7542235851287842,0.7983691692352295,1.0,0.0,1.0,1.0,0.0,0.0,0.0,1.0,0.0,1.0,1.0,1.0,1.0,0.0,0.0,0.0,0.0,0.0,0.0,0.4636130928993225,2.131346488,5.342383246,3.2110367579999997,3.171903133392334,0.039133548736572266
138,-0.029270043596625328,-0.6027100086212158,-0.3608979880809784,-0.8796060085296631,-0.9417752027511597,-0.029708821326494217,1.0,1.0,1.0,0.0,0.0,0.0,1.0,2.0,0.0,1.0,1.0,1.0,0.0,0.0,0.0,0.0,0.0,0.0,1.0,0.7236598134040833,1.51786845,6.715587652000001,5.197719202000001,4.939230918884277,0.25848817825317383
139,-0.5480573177337646,0.19681812822818756,0.011464990675449371,1.2030110359191895,-2.067084789276123,0.7983691692352295,0.0,0.0,0.0,1.0,0.0,0.0,0.0,1.0,0.0,1.0,0.0,1.0,0.0,1.0,0.0,0.0,0.0,0.0,0.0,0.00887557864189148,3.8932285889999996,7.998081331,4.104852742,2.3843770027160645,1.720475673675537
140,-1.607248067855835,-1.402238130569458,0.7561909556388855,0.16170252859592438,-1.4419127702713013,-1.0234023332595825,0.0,0.0,0.0,1.0,0.0,0.0,0.0,1.0,0.0,1.0,0.0,1.0,0.0,0.0,0.0,1.0,0.0,0.0,0.0,0.0010821007890626788,1.7230128359999999,6.854375167000001,5.131362331000001,4.475008010864258,0.6563544273376465
141,-0.7209864258766174,-0.6027100086212158,1.1285539865493774,0.16170252859592438,1.0587753057479858,1.2952159643173218,0.0,0.0,1.0,1.0,0.0,0.0,0.0,1.0,0.0,1.0,0.0,1.0,0.0,1.0,0.0,0.0,0.0,0.0,0.0,0.022948794066905975,2.920976487,6.4270646629999995,3.5060881759999996,1.979804277420044,1.5262839794158936
142,-1.2613898515701294,-0.6027100086212158,1.1285539865493774,-0.8796060085296631,1.1212924718856812,0.6327535510063171,1.0,0.0,1.0,0.0,0.0,0.0,0.0,2.0,0.0,1.0,1.0,1.0,0.0,0.0,1.0,0.0,0.0,0.0,0.0,0.26612573862075806,1.803771605,5.838865032,4.0350934270000005,4.406414985656738,-0.3713216781616211
143,0.4462849795818329,0.19681812822818756,-1.1056239604949951,1.2030110359191895,1.0587753057479858,-0.526555597782135,1.0,0.0,0.0,1.0,0.0,0.0,0.0,1.0,0.0,1.0,0.0,1.0,0.0,0.0,0.0,1.0,0.0,0.0,0.0,0.0013841886539012194,1.497620551,5.093325823,3.595705272,4.423161506652832,-0.8274562358856201
144,0.7597189545631409,0.9963462352752686,-0.733260989189148,-0.8796060085296631,0.6836720705032349,0.4671379625797272,1.0,0.0,1.0,0.0,0.0,1.0,0.0,2.0,0.0,1.0,1.0,1.0,1.0,0.0,0.0,0.0,0.0,0.0,0.0,0.17909906804561615,-0.215901519,6.018299927999999,6.234201446999999,4.473807334899902,1.7603940963745117
145,0.4895172715187073,0.9963462352752686,-0.733260989189148,0.16170252859592438,1.3088440895080566,-0.029708821326494217,0.0,0.0,1.0,0.0,1.0,0.0,1.0,1.0,0.0,1.0,0.0,1.0,0.0,0.0,1.0,0.0,0.0,0.0,0.0,0.13870593905448914,2.5323343240000002,5.087648359,2.555314035,4.472609996795654,-1.9172959327697754
146,1.1163852214813232,0.19681812822818756,-1.1056239604949951,1.2030110359191895,0.5586376786231995,1.4608315229415894,1.0,0.0,1.0,0.0,0.0,0.0,0.0,1.0,0.0,1.0,1.0,1.0,0.0,0.0,1.0,0.0,0.0,0.0,0.0,0.02946670539677143,2.213303435,7.505039162999999,5.291735727999999,3.0673391819000244,2.2243964672088623
147,-1.6504803895950317,-1.802002191543579,1.8732799291610718,-0.8796060085296631,0.3085688352584839,1.1296002864837646,1.0,0.0,1.0,0.0,0.0,0.0,0.0,2.0,0.0,1.0,0.0,1.0,0.0,0.0,0.0,0.0,0.0,1.0,0.0,0.2569866478443146,3.1971138089999998,7.266870673,4.069756864,4.05955171585083,0.010205268859863281
148,0.3382042944431305,-0.6027100086212158,-0.3608979880809784,-0.8796060085296631,0.4961204528808594,-1.3546335697174072,1.0,0.0,0.0,1.0,0.0,0.0,0.0,2.0,0.0,1.0,1.0,1.0,0.0,0.0,0.0,0.0,0.0,1.0,0.0,0.016720617190003395,1.767565235,6.019811207999999,4.252245972999999,4.380090236663818,-0.12784433364868164
149,-0.31027984619140625,0.5965821743011475,-0.733260989189148,-0.8796060085296631,-1.6294643878936768,-0.19532442092895508,1.0,0.0,0.0,0.0,1.0,0.0,1.0,2.0,0.0,1.0,1.0,1.0,0.0,0.0,0.0,0.0,0.0,1.0,0.0,0.42683282494544983,2.044082322,5.09213536,3.0480530380000004,4.029297828674316,-0.9812448024749756
