,X1,X2,X3,X4,X5,X6,X7,X8,X9,X10,X11,X12,X13,X14,X15,X16,X17,X18,X19,X20,X21,X22,X23,X24,X25,ps_score,factual,counter_factual,true_ITE,predicted_ITE,diff
0,0.1436590552330017,0.9963462352752686,-0.3608979880809784,0.16170252859592438,0.2460516393184662,-1.3546335697174072,0.0,1.0,0.0,1.0,0.0,0.0,0.0,1.0,0.0,1.0,0.0,1.0,0.0,1.0,0.0,0.0,0.0,0.0,0.0,1.4991827811172698e-05,6.3073764820000005,0.8027139990000001,5.504662483000001,4.133877754211426,1.3707847595214844
1,-0.5480573177337646,-1.002474069595337,0.011464990675449371,-0.8796060085296631,1.8089816570281982,0.3015223741531372,0.0,0.0,1.0,0.0,0.0,1.0,0.0,2.0,0.0,1.0,1.0,1.0,0.0,0.0,0.0,0.0,0.0,0.0,1.0,0.49397021532058716,7.856637544,3.478763133,4.377874411,4.146728515625,0.23114585876464844
2,0.7272947430610657,-0.20294594764709473,-0.733260989189148,-0.8796060085296631,0.8087064623832703,1.1296002864837646,0.0,0.0,1.0,0.0,0.0,0.0,0.0,2.0,1.0,1.0,1.0,1.0,0.0,0.0,0.0,0.0,0.0,0.0,0.0,0.9969921112060547,5.50167739,4.237157052,1.2645203380000005,3.607334852218628,-2.3428144454956055
3,0.013962230645120144,-0.6027100086212158,0.011464990675449371,0.16170252859592438,-2.442188024520874,0.3015223741531372,1.0,0.0,1.0,0.0,0.0,1.0,0.0,1.0,0.0,1.0,1.0,1.0,0.0,0.0,0.0,0.0,0.0,0.0,1.0,0.08309109508991241,7.954506553,1.191974244,6.762532309,4.9117112159729,1.8508210182189941
4,-0.05088618025183678,0.19681812822818756,1.5009169578552246,-0.8796060085296631,-1.754498839378357,1.1296002864837646,1.0,0.0,0.0,0.0,0.0,1.0,0.0,2.0,0.0,1.0,1.0,1.0,0.0,0.0,0.0,0.0,0.0,0.0,0.0,0.11959829181432724,5.65091291,4.974915197,0.6759977130000001,3.34205961227417,-2.6660618782043457
5,0.9218400120735168,1.3961102962493896,0.011464990675449371,0.16170252859592438,0.058500032871961594,-0.36094000935554504,1.0,1.0,1.0,0.0,1.0,0.0,1.0,1.0,0.0,1.0,1.0,1.0,1.0,0.0,0.0,0.0,0.0,0.0,0.0,0.10015851259231567,5.467703534,1.9469242130000002,3.520779321,4.251796722412109,-0.7310173511505127
6,0.4246688485145569,0.9963462352752686,-0.733260989189148,-0.8796060085296631,0.3085688352584839,-0.029708821326494217,1.0,0.0,1.0,1.0,0.0,0.0,0.0,2.0,0.0,1.0,0.0,1.0,0.0,0.0,0.0,0.0,0.0,1.0,0.0,1.2999116734135896e-05,5.924359234,0.485943254,5.438415979999999,4.014216423034668,1.4241995811462402
7,0.1868913322687149,0.19681812822818756,0.011464990675449371,-0.8796060085296631,-0.1915687769651413,0.9639847278594971,0.0,0.0,1.0,0.0,0.0,0.0,0.0,2.0,0.0,1.0,0.0,1.0,0.0,0.0,1.0,0.0,0.0,0.0,0.0,0.006994131486862898,6.029505475,0.42609908399999996,5.603406391,3.3630287647247314,2.24037766456604
8,1.3973950147628784,0.19681812822818756,-0.3608979880809784,0.16170252859592438,-1.1293268203735352,1.4608315229415894,1.0,0.0,1.0,0.0,0.0,0.0,0.0,1.0,0.0,1.0,1.0,1.0,0.0,0.0,0.0,0.0,0.0,0.0,1.0,0.013038089498877525,6.047718437,2.3671033130000003,3.680615124,3.7175960540771484,-0.03698086738586426
9,1.15961754322052,0.5965821743011475,-0.3608979880809784,-0.8796060085296631,0.4961204528808594,-0.526555597782135,0.0,0.0,1.0,0.0,1.0,0.0,0.0,2.0,0.0,1.0,1.0,1.0,0.0,0.0,0.0,0.0,0.0,0.0,0.0,0.007325971964746714,3.367979729,-0.38242682200000006,3.750406551,4.292259216308594,-0.5418527126312256
10,-0.5480573177337646,0.5965821743011475,1.5009169578552246,-0.8796060085296631,-1.1918439865112305,-0.8577867746353149,1.0,0.0,1.0,1.0,0.0,0.0,1.0,2.0,1.0,1.0,0.0,1.0,0.0,0.0,0.0,0.0,0.0,1.0,0.0,0.0014555625384673476,6.417114586,1.820102696,4.59701189,4.042220592498779,0.5547914505004883
11,-0.7858348488807678,-0.20294594764709473,0.7561909556388855,-0.8796060085296631,0.12101723253726959,1.2952159643173218,0.0,0.0,1.0,0.0,0.0,0.0,0.0,2.0,1.0,1.0,1.0,1.0,0.0,0.0,1.0,0.0,0.0,0.0,0.0,0.7715076208114624,7.89522425,3.23080297,4.66442128,2.155917167663574,2.5085039138793945
12,-1.4559351205825806,-1.402238130569458,2.245642900466919,-0.8796060085296631,-3.3174288272857666,1.1296002864837646,0.0,0.0,1.0,0.0,0.0,0.0,1.0,2.0,0.0,1.0,1.0,1.0,0.0,0.0,0.0,0.0,0.0,0.0,0.0,0.22584398090839386,5.38790122,3.517318923,1.870582297,4.55475378036499,-2.684171438217163
13,0.8786077499389648,0.9963462352752686,-0.733260989189148,1.2030110359191895,0.3085688352584839,0.3015223741531372,0.0,0.0,0.0,0.0,1.0,0.0,0.0,1.0,0.0,1.0,1.0,1.0,0.0,0.0,1.0,0.0,0.0,0.0,0.0,0.0009811262134462595,5.926609217,1.528262157,4.398347060000001,4.828609943389893,-0.43026304244995117
14,0.3598204255104065,0.5965821743011475,0.38382798433303833,-0.8796060085296631,0.4961204528808594,1.2952159643173218,0.0,0.0,1.0,0.0,0.0,0.0,0.0,2.0,0.0,1.0,1.0,1.0,1.0,0.0,0.0,0.0,0.0,0.0,0.0,0.9113848209381104,6.295170225,4.680660837,1.614509388,3.77777361869812,-2.163264274597168
15,0.013962230645120144,0.19681812822818756,0.38382798433303833,0.16170252859592438,-1.4419127702713013,-0.8577867746353149,1.0,0.0,0.0,0.0,1.0,0.0,0.0,1.0,0.0,1.0,0.0,1.0,0.0,0.0,0.0,0.0,0.0,0.0,1.0,0.0031545895617455244,4.444956002,0.071371948,4.373584053999999,4.10917329788208,0.26441097259521484
16,1.1812336444854736,0.9963462352752686,-0.3608979880809784,-0.8796060085296631,0.8712236881256104,-1.1890180110931396,1.0,0.0,0.0,1.0,0.0,0.0,1.0,2.0,0.0,1.0,0.0,1.0,1.0,0.0,0.0,0.0,0.0,0.0,0.0,0.9979604482650757,5.484478584,0.467886529,5.016592054999999,4.189982891082764,0.8266091346740723
17,1.3973950147628784,0.9963462352752686,-1.1056239604949951,-0.8796060085296631,0.3085688352584839,-1.0234023332595825,1.0,0.0,0.0,0.0,1.0,0.0,1.0,2.0,0.0,0.0,1.0,1.0,0.0,0.0,0.0,0.0,0.0,0.0,1.0,0.5914472341537476,4.771232342,-0.298508907,5.069741249,4.123404502868652,0.9463367462158203
18,0.2409316748380661,0.5965821743011475,1.1285539865493774,0.16170252859592438,-0.1915687769651413,0.6327535510063171,1.0,1.0,0.0,1.0,0.0,0.0,0.0,1.0,0.0,1.0,1.0,1.0,0.0,1.0,0.0,0.0,0.0,0.0,0.0,1.509671983512817e-05,7.386637914,4.296653467,3.089984447,2.5218491554260254,0.5681352615356445
19,1.3973950147628784,1.3961102962493896,-1.4779869318008423,-0.8796060085296631,-0.4416375756263733,0.7983691692352295,1.0,0.0,1.0,0.0,1.0,0.0,0.0,2.0,0.0,1.0,1.0,1.0,0.0,0.0,0.0,0.0,0.0,0.0,1.0,0.01160788256675005,6.29186737,2.12824243,4.16362494,4.020672798156738,0.14295196533203125
20,-0.37512823939323425,-1.802002191543579,0.38382798433303833,-0.8796060085296631,-0.004017170052975416,0.4671379625797272,0.0,0.0,1.0,0.0,0.0,1.0,0.0,2.0,0.0,1.0,1.0,1.0,0.0,0.0,0.0,0.0,0.0,0.0,1.0,0.9985978007316589,7.41470256,1.481191566,5.933510994000001,4.552145957946777,1.3813648223876953
21,-0.5480573177337646,-0.20294594764709473,-0.3608979880809784,-0.8796060085296631,0.058500032871961594,-0.8577867746353149,1.0,0.0,0.0,1.0,0.0,0.0,0.0,2.0,0.0,1.0,1.0,1.0,0.0,0.0,0.0,0.0,0.0,0.0,0.0,0.03814668208360672,6.762640143,1.448663185,5.313976958,4.072657108306885,1.2413196563720703
22,0.8569915890693665,1.7958743572235107,0.011464990675449371,-0.8796060085296631,0.5586376786231995,0.3015223741531372,0.0,1.0,1.0,0.0,0.0,0.0,0.0,2.0,0.0,1.0,0.0,1.0,1.0,0.0,0.0,0.0,0.0,0.0,0.0,0.02439606562256813,7.834468929,2.7479859660000003,5.086482963,4.444268703460693,0.642214298248291
23,0.7705270648002625,0.5965821743011475,0.38382798433303833,-0.8796060085296631,-1.379395604133606,0.4671379625797272,0.0,0.0,1.0,0.0,0.0,0.0,0.0,2.0,0.0,1.0,1.0,1.0,0.0,0.0,0.0,0.0,0.0,0.0,0.0,0.0037152289878576994,7.747586396,2.856067559,4.891518837,3.6367056369781494,1.2548134326934814
24,-0.9155316948890686,0.19681812822818756,0.7561909556388855,-0.8796060085296631,0.5586376786231995,1.1296002864837646,1.0,0.0,0.0,1.0,0.0,0.0,0.0,2.0,0.0,1.0,1.0,1.0,0.0,0.0,0.0,0.0,0.0,0.0,0.0,0.20901824533939362,7.840511136,3.856242946,3.98426819,3.9513885974884033,0.03287959098815918
25,1.0947691202163696,0.5965821743011475,0.011464990675449371,-0.8796060085296631,-0.9417752027511597,0.6327535510063171,0.0,0.0,1.0,0.0,1.0,0.0,1.0,2.0,0.0,1.0,1.0,1.0,0.0,0.0,0.0,0.0,0.0,0.0,0.0,0.9755114316940308,4.884405191,2.035831332,2.848573859,3.470463514328003,-0.621889591217041
26,-0.03791650012135506,0.5965821743011475,0.38382798433303833,0.16170252859592438,-3.567497730255127,-0.029708821326494217,0.0,0.0,1.0,0.0,0.0,0.0,0.0,1.0,0.0,1.0,1.0,1.0,1.0,0.0,0.0,0.0,0.0,0.0,0.0,0.003913909196853638,5.309168324,2.106966265,3.2022020589999998,5.37061882019043,-2.168416738510132
27,0.2085074633359909,-0.20294594764709473,0.38382798433303833,0.16170252859592438,0.6211548447608948,1.9576783180236816,1.0,0.0,1.0,0.0,0.0,1.0,0.0,1.0,0.0,1.0,1.0,1.0,0.0,0.0,1.0,0.0,0.0,0.0,0.0,0.2681438624858856,2.73258385,7.384313718,4.651729867999999,3.6980934143066406,0.953636646270752
28,1.0947691202163696,1.7958743572235107,-1.1056239604949951,0.16170252859592438,0.5586376786231995,0.4671379625797272,0.0,0.0,1.0,1.0,0.0,0.0,0.0,1.0,1.0,1.0,1.0,1.0,0.0,0.0,1.0,0.0,0.0,0.0,0.0,0.5490080714225769,3.323798842,6.868503157999999,3.5447043159999994,3.6673784255981445,-0.12267422676086426
29,0.4246688485145569,0.5965821743011475,-0.733260989189148,1.2030110359191895,1.4338785409927368,0.4671379625797272,1.0,0.0,0.0,1.0,0.0,0.0,1.0,1.0,0.0,1.0,1.0,1.0,1.0,0.0,0.0,0.0,0.0,0.0,0.0,0.253158301115036,1.63805888,6.369189525,4.731130645,4.042037010192871,0.6890935897827148
30,0.07881063967943192,-0.20294594764709473,0.7561909556388855,-0.8796060085296631,0.2460516393184662,0.13590677082538605,0.0,0.0,1.0,0.0,1.0,0.0,0.0,2.0,0.0,1.0,1.0,1.0,0.0,1.0,0.0,0.0,0.0,0.0,0.0,0.028245242312550545,1.9359067840000002,6.822996926,4.887090142,4.088305473327637,0.7987847328186035
31,-1.9531062841415405,-1.802002191543579,2.245642900466919,0.16170252859592438,-0.8792579770088196,0.9639847278594971,1.0,1.0,1.0,0.0,0.0,0.0,0.0,1.0,0.0,1.0,1.0,1.0,0.0,0.0,0.0,0.0,1.0,0.0,0.0,0.0014126988826319575,2.4941756369999997,7.50820426,5.014028623000001,4.099782466888428,0.9142460823059082
32,-0.39674437046051025,-1.402238130569458,-0.3608979880809784,0.16170252859592438,0.5586376786231995,-0.8577867746353149,1.0,0.0,0.0,1.0,0.0,0.0,0.0,1.0,0.0,1.0,1.0,1.0,0.0,0.0,0.0,0.0,0.0,1.0,0.0,2.2528509362018667e-05,2.250801081,6.209686176,3.958885095,3.9112071990966797,0.04767799377441406
33,1.1163852214813232,0.19681812822818756,-1.1056239604949951,1.2030110359191895,0.5586376786231995,1.4608315229415894,1.0,0.0,1.0,0.0,0.0,0.0,0.0,1.0,0.0,1.0,1.0,1.0,0.0,0.0,1.0,0.0,0.0,0.0,0.0,0.047950468957424164,2.213303435,7.505039162999999,5.291735727999999,4.02705717086792,1.2646784782409668
34,-0.31027984619140625,0.5965821743011475,-0.3608979880809784,0.16170252859592438,0.3710860311985016,0.13590677082538605,0.0,0.0,0.0,1.0,0.0,0.0,0.0,1.0,0.0,1.0,1.0,1.0,0.0,0.0,0.0,0.0,0.0,1.0,0.0,1.63757231348427e-05,2.8321232060000003,5.054418698,2.2222954919999998,4.026288986206055,-1.8039934635162354
35,-0.6993703246116638,-0.6027100086212158,-0.3608979880809784,-0.8796060085296631,0.7461892366409302,-1.5202491283416748,1.0,0.0,0.0,1.0,0.0,0.0,0.0,2.0,0.0,1.0,0.0,1.0,0.0,0.0,0.0,1.0,0.0,0.0,0.0,2.1899895727983676e-05,-0.260075906,7.995685862999999,8.255761769,4.319319248199463,3.9364428520202637
36,-0.980380117893219,-0.6027100086212158,0.7561909556388855,-0.8796060085296631,1.1838096380233765,-0.36094000935554504,0.0,0.0,1.0,0.0,1.0,0.0,0.0,2.0,0.0,1.0,1.0,1.0,0.0,0.0,1.0,0.0,0.0,0.0,0.0,0.014170314185321331,2.6124733669999998,5.426678373,2.814205006,4.206973552703857,-1.3927686214447021
37,0.2085074633359909,0.19681812822818756,-0.3608979880809784,-0.8796060085296631,0.9962580800056458,-1.3546335697174072,1.0,0.0,0.0,1.0,0.0,0.0,0.0,2.0,0.0,1.0,0.0,1.0,0.0,0.0,0.0,1.0,0.0,0.0,0.0,6.313960329862311e-05,2.2203857719999998,6.164386791,3.9440010190000003,4.203694820404053,-0.25969386100769043
38,0.1868913322687149,0.5965821743011475,-0.733260989189148,2.244319438934326,1.4963957071304321,-1.1890180110931396,0.0,0.0,0.0,1.0,0.0,0.0,0.0,1.0,0.0,1.0,0.0,1.0,0.0,0.0,0.0,0.0,0.0,1.0,0.0,0.0006042700842954218,3.06370113,6.632418125,3.568716995,4.6851887702941895,-1.116471767425537
39,0.8353754281997681,-0.13910187780857086,0.38382798433303833,-0.8796060085296631,-4.192669868469238,-1.5202491283416748,1.0,0.0,0.0,1.0,0.0,0.0,0.0,2.0,0.0,1.0,0.0,1.0,0.0,0.0,0.0,0.0,1.0,0.0,0.0,0.9858662486076355,2.70835092,5.388136835,2.679785915,4.622030258178711,-1.942244291305542
40,-1.8666417598724365,-1.402238130569458,-0.3608979880809784,0.16170252859592438,0.7461892366409302,0.3015223741531372,0.0,0.0,0.0,1.0,0.0,0.0,1.0,1.0,0.0,1.0,1.0,1.0,0.0,0.0,0.0,1.0,0.0,0.0,0.0,0.00010300522262696177,-0.247323808,5.976936652999999,6.224260460999999,4.418451309204102,1.8058090209960938
41,-0.612905740737915,-0.20294594764709473,0.7561909556388855,0.16170252859592438,-0.004017170052975416,-0.8577867746353149,0.0,0.0,1.0,0.0,1.0,0.0,0.0,1.0,0.0,1.0,1.0,1.0,1.0,0.0,0.0,0.0,0.0,0.0,0.0,0.0002986814361065626,1.9339134740000001,4.705243629,2.771330155,5.2277116775512695,-2.4563815593719482
42,-0.11573459208011627,-0.6027100086212158,0.011464990675449371,-0.8796060085296631,0.5586376786231995,-1.5202491283416748,1.0,1.0,0.0,1.0,0.0,0.0,0.0,2.0,0.0,1.0,1.0,1.0,0.0,0.0,0.0,0.0,1.0,0.0,0.0,1.50726245919941e-05,2.184525986,6.43413664,4.249610654,4.3852033615112305,-0.13559293746948242
43,0.9326480627059937,0.5965821743011475,-1.1056239604949951,-0.8796060085296631,-0.1915687769651413,-0.6921712160110474,1.0,0.0,0.0,1.0,0.0,0.0,1.0,2.0,1.0,1.0,0.0,1.0,0.0,1.0,0.0,0.0,0.0,0.0,0.0,0.26419493556022644,3.127704352,6.35882924,3.2311248880000005,4.057770729064941,-0.8266458511352539
44,1.4838595390319824,0.9963462352752686,-0.3608979880809784,0.16170252859592438,-1.1918439865112305,-0.19532442092895508,1.0,0.0,1.0,0.0,1.0,0.0,1.0,1.0,1.0,1.0,0.0,1.0,1.0,0.0,0.0,0.0,0.0,0.0,0.0,0.9983970522880554,2.336874097,6.25688339,3.9200092929999997,4.127824306488037,-0.20781493186950684
45,1.419011116027832,1.3961102962493896,-0.3608979880809784,0.16170252859592438,-0.3791203796863556,-0.6921712160110474,0.0,0.0,1.0,0.0,0.0,1.0,0.0,1.0,0.0,1.0,1.0,1.0,0.0,0.0,0.0,1.0,0.0,0.0,0.0,0.11232589930295944,3.7457373510000003,6.017198197999999,2.271460846999999,3.8690850734710693,-1.5976243019104004
46,-2.1908838748931885,-2.2017662525177,1.8732799291610718,-0.8796060085296631,0.5586376786231995,-1.0234023332595825,1.0,0.0,0.0,0.0,0.0,1.0,0.0,2.0,0.0,1.0,0.0,1.0,0.0,0.0,0.0,0.0,0.0,0.0,0.0,4.551525125862099e-05,1.180110568,6.669894555,5.489783987,4.670262813568115,0.8195209503173828
47,-2.298964500427246,-0.6636423468589783,2.245642900466919,-0.8796060085296631,-0.1915687769651413,0.9639847278594971,0.0,0.0,1.0,0.0,0.0,0.0,1.0,2.0,0.0,1.0,1.0,1.0,0.0,0.0,1.0,0.0,0.0,0.0,0.0,0.006916704121977091,1.267666902,5.184312515,3.916645613,4.458917617797852,-0.5422720909118652
48,1.3973950147628784,1.3961102962493896,-1.4779869318008423,0.16170252859592438,0.058500032871961594,0.9639847278594971,1.0,0.0,1.0,0.0,0.0,0.0,0.0,1.0,0.0,1.0,1.0,1.0,0.0,1.0,0.0,0.0,0.0,0.0,0.0,0.0008541091228835285,3.020229018,5.57194112,2.5517121019999998,4.069657325744629,-1.5179452896118164
49,-1.2613898515701294,-0.20294594764709473,2.245642900466919,-0.8796060085296631,-0.2540859878063202,0.6327535510063171,0.0,0.0,1.0,0.0,0.0,1.0,0.0,2.0,0.0,1.0,1.0,1.0,0.0,0.0,0.0,0.0,0.0,0.0,1.0,0.19691534340381622,3.793115732,5.483278597999999,1.6901628659999992,4.322533130645752,-2.6323702335357666
50,-0.28866368532180786,0.19681812822818756,-0.733260989189148,-0.8796060085296631,2.0590505599975586,-0.8577867746353149,1.0,0.0,0.0,1.0,0.0,0.0,1.0,2.0,1.0,1.0,1.0,1.0,0.0,0.0,0.0,0.0,0.0,0.0,1.0,0.8932967185974121,2.0556096719999997,6.797227177999999,4.741617505999999,4.195262908935547,0.5463547706604004
51,-0.6777541637420654,-0.20294594764709473,-0.733260989189148,0.16170252859592438,-1.754498839378357,1.2952159643173218,1.0,1.0,1.0,0.0,0.0,0.0,0.0,1.0,0.0,1.0,1.0,1.0,0.0,0.0,1.0,0.0,0.0,0.0,0.0,0.722167432308197,3.569252987,7.426776117999999,3.8575231309999993,3.9721455574035645,-0.11462235450744629
52,-0.21084560453891754,-0.6027100086212158,0.7561909556388855,1.2030110359191895,0.6211548447608948,-0.526555597782135,1.0,0.0,0.0,0.0,1.0,0.0,1.0,1.0,0.0,1.0,1.0,1.0,0.0,0.0,1.0,0.0,0.0,0.0,0.0,0.1614685207605362,0.44918031,7.405340801,6.956160491,4.091563701629639,2.8645968437194824
53,-0.22381527721881866,-0.6027100086212158,-0.733260989189148,0.16170252859592438,0.3710860311985016,-1.0234023332595825,0.0,0.0,0.0,1.0,0.0,0.0,0.0,1.0,1.0,1.0,0.0,1.0,0.0,0.0,0.0,0.0,1.0,0.0,0.0,1.5027987501525786e-05,0.9060732709999999,6.340128462999999,5.434055191999999,4.245362758636475,1.188692569732666
54,0.8786077499389648,0.19681812822818756,-1.1056239604949951,2.244319438934326,0.4336032569408417,-0.19532442092895508,0.0,0.0,1.0,0.0,1.0,0.0,0.0,1.0,0.0,1.0,0.0,1.0,0.0,0.0,0.0,1.0,0.0,0.0,0.0,0.061839789152145386,-0.044151152,6.4700152,6.514166352,3.691319465637207,2.8228468894958496
55,-0.007653906941413879,-0.6027100086212158,-0.3608979880809784,0.16170252859592438,0.4336032569408417,-1.5202491283416748,1.0,0.0,1.0,1.0,0.0,0.0,0.0,1.0,0.0,1.0,0.0,1.0,0.0,0.0,0.0,0.0,0.0,1.0,0.0,1.5029419955681078e-05,1.797997184,5.957573887000001,4.159576703000001,4.2705793380737305,-0.11100244522094727
56,0.9002238512039185,1.3961102962493896,-0.3608979880809784,2.244319438934326,-2.0045676231384277,0.6327535510063171,0.0,0.0,0.0,0.0,1.0,0.0,1.0,1.0,0.0,1.0,0.0,1.0,1.0,0.0,0.0,0.0,0.0,0.0,0.0,0.9782817959785461,3.5264717460000004,8.478666492,4.952194746,3.843543767929077,1.1086509227752686
57,-1.8666417598724365,-1.402238130569458,0.011464990675449371,-0.8796060085296631,2.30911922454834,-0.8577867746353149,1.0,0.0,1.0,1.0,0.0,0.0,1.0,2.0,0.0,1.0,1.0,1.0,0.0,0.0,0.0,0.0,0.0,0.0,1.0,0.14365257322788239,0.858432138,6.363141217000001,5.504709079000001,4.729132175445557,0.7755770683288574
58,-0.43997666239738464,0.19681812822818756,0.011464990675449371,-0.8796060085296631,1.4963957071304321,0.13590677082538605,0.0,0.0,1.0,0.0,0.0,1.0,0.0,2.0,0.0,1.0,0.0,1.0,0.0,0.0,1.0,0.0,0.0,0.0,0.0,0.27496472001075745,1.090969716,7.098473147999999,6.007503431999999,4.092116832733154,1.91538667678833
59,-1.9963386058807373,-2.2017662525177,0.38382798433303833,0.16170252859592438,-1.2543612718582153,-0.36094000935554504,1.0,0.0,0.0,1.0,0.0,0.0,1.0,1.0,0.0,1.0,0.0,1.0,0.0,0.0,0.0,1.0,0.0,0.0,0.0,0.05555027723312378,3.492436969,7.088852322999999,3.5964153539999995,4.279233932495117,-0.6828186511993408
60,1.0947691202163696,0.5965821743011475,-0.3608979880809784,-0.8796060085296631,0.4961204528808594,-1.685864806175232,0.0,0.0,0.0,1.0,0.0,0.0,0.0,2.0,0.0,1.0,0.0,0.0,0.0,0.0,0.0,0.0,1.0,0.0,0.0,3.3727959817042574e-05,0.328837642,5.630095737,5.301258095000001,4.910716533660889,0.39054155349731445
61,-2.0179545879364014,-1.802002191543579,1.8732799291610718,1.2030110359191895,-0.004017170052975416,-1.1890180110931396,1.0,1.0,0.0,0.0,1.0,0.0,1.0,1.0,0.0,1.0,0.0,1.0,1.0,0.0,0.0,0.0,0.0,0.0,0.0,0.011629030108451843,1.052633262,6.77717239,5.724539128,4.948936939239502,0.7756023406982422
62,0.3382042944431305,0.19681812822818756,-0.733260989189148,0.16170252859592438,0.7461892366409302,-1.0234023332595825,1.0,1.0,1.0,0.0,1.0,0.0,1.0,1.0,0.0,1.0,1.0,1.0,0.0,0.0,0.0,0.0,0.0,1.0,0.0,0.0010626044822856784,0.930412892,5.627523687999999,4.697110796,4.205285549163818,0.4918251037597656
63,-0.8290671110153198,-1.402238130569458,1.1285539865493774,0.16170252859592438,-0.1915687769651413,0.3015223741531372,0.0,0.0,1.0,0.0,1.0,0.0,1.0,1.0,0.0,1.0,1.0,1.0,0.0,0.0,0.0,0.0,0.0,0.0,1.0,0.5241517424583435,2.95051554,8.353507404,5.4029918640000005,4.842161655426025,0.5608301162719727
64,-1.5856319665908813,-1.402238130569458,1.1285539865493774,-0.8796060085296631,-0.8792579770088196,-1.0234023332595825,1.0,0.0,0.0,1.0,0.0,0.0,1.0,2.0,1.0,1.0,1.0,1.0,1.0,0.0,0.0,0.0,0.0,0.0,0.0,0.03515949845314026,0.9520024220000001,6.946099812000001,5.99409739,4.341679573059082,1.6524176597595215
65,-0.9587639570236206,-0.20294594764709473,0.011464990675449371,1.2030110359191895,1.1212924718856812,0.13590677082538605,1.0,0.0,1.0,1.0,0.0,0.0,1.0,1.0,1.0,1.0,1.0,0.0,1.0,0.0,0.0,0.0,0.0,0.0,0.0,4.0376435208600014e-05,3.0491306000000002,6.85633198,3.80720138,3.0423073768615723,0.7648940086364746
66,0.7272947430610657,0.5965821743011475,-0.733260989189148,0.16170252859592438,0.4961204528808594,1.4608315229415894,1.0,1.0,1.0,0.0,0.0,1.0,0.0,1.0,0.0,1.0,1.0,1.0,0.0,0.0,0.0,0.0,1.0,0.0,0.0,1.1698535672621801e-05,4.0241907260000005,8.311601708,4.287410981999999,2.997421979904175,1.2899892330169678
67,-1.2181576490402222,-0.6027100086212158,-0.3608979880809784,1.2030110359191895,-1.9420504570007324,-0.029708821326494217,0.0,0.0,1.0,0.0,0.0,1.0,0.0,1.0,0.0,1.0,0.0,1.0,0.0,0.0,0.0,1.0,0.0,0.0,0.0,0.9900278449058533,3.271907407,7.828267342,4.556359935,4.087390899658203,0.46896886825561523
68,0.022608686238527298,0.19681812822818756,0.011464990675449371,0.16170252859592438,-0.0665343701839447,1.626447081565857,0.0,0.0,0.0,0.0,0.0,1.0,1.0,1.0,0.0,1.0,1.0,1.0,1.0,0.0,0.0,0.0,0.0,0.0,0.0,0.8682317733764648,3.982110605,8.392771534,4.410660929,3.2081828117370605,1.2024779319763184
69,1.246082067489624,0.19681812822818756,-0.733260989189148,0.16170252859592438,0.3085688352584839,1.1296002864837646,1.0,0.0,0.0,0.0,1.0,0.0,0.0,1.0,0.0,1.0,0.0,1.0,0.0,0.0,0.0,0.0,0.0,0.0,0.0,0.5818412899971008,2.475986759,8.168669466,5.692682707000001,4.100529670715332,1.5921530723571777
70,0.2733558714389801,0.5965821743011475,-0.3608979880809784,-0.8796060085296631,0.2460516393184662,-1.0234023332595825,1.0,0.0,0.0,1.0,0.0,0.0,1.0,2.0,1.0,1.0,0.0,0.0,0.0,0.0,0.0,0.0,0.0,1.0,0.0,0.0005527688190340996,0.371460478,7.7745259970000005,7.403065519,4.098316192626953,3.3047494888305664
71,1.1163852214813232,0.5965821743011475,-1.1056239604949951,-0.8796060085296631,0.1835344433784485,-1.1890180110931396,1.0,0.0,0.0,1.0,0.0,0.0,0.0,2.0,1.0,1.0,1.0,1.0,0.0,0.0,0.0,1.0,0.0,0.0,0.0,0.9979156851768494,1.369453144,7.572931114,6.20347797,4.2011189460754395,2.002358913421631
72,0.8137593269348145,0.5965821743011475,-0.733260989189148,0.16170252859592438,-0.7542235851287842,0.13590677082538605,1.0,0.0,0.0,0.0,0.0,1.0,1.0,1.0,0.0,1.0,1.0,1.0,0.0,0.0,0.0,0.0,1.0,0.0,0.0,4.2349219597781484e-07,1.2055009490000002,7.42454888,6.2190479309999995,3.67783260345459,2.541215419769287
73,-0.9155316948890686,-1.002474069595337,1.1285539865493774,-0.8796060085296631,-1.1918439865112305,-0.36094000935554504,0.0,0.0,0.0,0.0,0.0,1.0,0.0,2.0,0.0,1.0,1.0,1.0,0.0,1.0,0.0,0.0,0.0,0.0,0.0,0.017365938052535057,1.8204933269999999,6.662912559,4.842419231999999,4.047287940979004,0.7951312065124512
74,1.2676981687545776,1.7958743572235107,-0.3608979880809784,0.16170252859592438,-0.2540859878063202,1.4608315229415894,0.0,0.0,1.0,0.0,0.0,0.0,0.0,1.0,1.0,1.0,1.0,1.0,0.0,0.0,1.0,0.0,0.0,0.0,0.0,0.6084790825843811,6.7934360279999995,6.568814897,-0.22462113099999925,2.3301079273223877,-2.5547289848327637
75,-0.029270043596625328,-0.6027100086212158,0.011464990675449371,0.16170252859592438,0.1835344433784485,-0.19532442092895508,1.0,0.0,0.0,1.0,0.0,0.0,1.0,1.0,0.0,1.0,0.0,1.0,0.0,1.0,0.0,0.0,0.0,0.0,0.0,1.5766225260449573e-05,2.340849795,6.908482676,4.567632881,4.0454325675964355,0.5222001075744629
76,1.1877185106277466,0.5965821743011475,-0.3608979880809784,0.16170252859592438,-0.004017170052975416,0.4671379625797272,0.0,0.0,0.0,0.0,0.0,1.0,1.0,1.0,0.0,1.0,1.0,1.0,1.0,0.0,0.0,0.0,0.0,0.0,0.0,0.2640453279018402,3.608094297,5.855700243999999,2.2476059469999994,4.018152236938477,-1.7705461978912354
77,-1.0668447017669678,-1.402238130569458,1.1285539865493774,2.244319438934326,0.3710860311985016,2.288909435272217,0.0,0.0,1.0,0.0,1.0,0.0,1.0,1.0,0.0,1.0,0.0,1.0,0.0,1.0,0.0,0.0,0.0,0.0,0.0,0.6464434266090393,6.253174542999999,8.393337867,2.1401633240000004,1.4964369535446167,0.6437264680862427
78,0.6624463796615601,0.5965821743011475,-0.3608979880809784,0.16170252859592438,0.5586376786231995,0.6327535510063171,0.0,1.0,1.0,0.0,0.0,0.0,0.0,1.0,0.0,1.0,0.0,1.0,0.0,0.0,0.0,0.0,0.0,0.0,0.0,0.00039020899566821754,2.9029209160000002,4.95227283,2.049351914,4.095951080322266,-2.0465991497039795
79,-0.27785563468933105,0.5965821743011475,0.38382798433303833,-0.8796060085296631,-0.1290515810251236,0.3015223741531372,0.0,0.0,1.0,0.0,1.0,0.0,0.0,2.0,1.0,1.0,1.0,1.0,0.0,0.0,1.0,0.0,0.0,0.0,0.0,0.024402059614658356,2.423222618,7.49370975,5.070487132,2.7191734313964844,2.351313591003418
80,0.7489109039306641,0.5965821743011475,-0.3608979880809784,-0.8796060085296631,-1.1918439865112305,1.1296002864837646,1.0,0.0,1.0,0.0,0.0,1.0,0.0,2.0,1.0,1.0,1.0,1.0,0.0,0.0,1.0,0.0,0.0,0.0,0.0,0.003563439939171076,5.027350273,8.408983848,3.3816335750000004,4.157515525817871,-0.7758820056915283
81,-0.8722994327545166,-0.6027100086212158,0.7561909556388855,0.16170252859592438,0.4961204528808594,-1.1890180110931396,1.0,0.0,0.0,1.0,0.0,0.0,0.0,1.0,0.0,1.0,0.0,1.0,1.0,0.0,0.0,0.0,0.0,0.0,0.0,2.0490388124017045e-05,2.910562961,5.812503198,2.901940237,4.099767684936523,-1.1978273391723633
82,1.1380014419555664,0.19681812822818756,0.011464990675449371,-0.8796060085296631,-0.6917064189910889,-1.5202491283416748,1.0,0.0,0.0,1.0,0.0,0.0,0.0,2.0,0.0,1.0,0.0,1.0,0.0,0.0,0.0,0.0,1.0,0.0,0.0,2.2111189323936742e-08,0.08959562,4.2696625489999995,4.180066929,4.468867778778076,-0.2888007164001465
83,0.7705270648002625,0.9963462352752686,-1.1056239604949951,1.2030110359191895,0.4336032569408417,-0.19532442092895508,0.0,0.0,0.0,0.0,1.0,0.0,1.0,1.0,0.0,1.0,0.0,1.0,0.0,0.0,0.0,0.0,1.0,0.0,0.0,3.7506659111841145e-08,1.117741588,6.789240969,5.671499381,5.863603591918945,-0.19210433959960938
84,1.15961754322052,0.9963462352752686,-1.4779869318008423,0.16170252859592438,0.12101723253726959,-0.526555597782135,1.0,0.0,0.0,0.0,1.0,0.0,0.0,1.0,0.0,1.0,0.0,1.0,0.0,0.0,0.0,0.0,0.0,1.0,0.0,0.007070510182529688,1.8883570980000002,6.372947179,4.4845900809999995,4.478595733642578,0.005994319915771484
85,-0.28866368532180786,-0.20294594764709473,-1.4779869318008423,-0.8796060085296631,1.6214300394058228,0.4671379625797272,1.0,0.0,1.0,0.0,0.0,0.0,0.0,2.0,0.0,1.0,1.0,1.0,0.0,0.0,0.0,0.0,0.0,0.0,0.0,0.00034258479718118906,3.076367752,7.554212395,4.477844643000001,4.182397842407227,0.29544687271118164
86,0.4679011106491089,0.9963462352752686,0.7561909556388855,-0.8796060085296631,-0.5041548013687134,0.7983691692352295,0.0,0.0,1.0,0.0,0.0,0.0,0.0,2.0,0.0,1.0,0.0,1.0,0.0,0.0,1.0,0.0,0.0,0.0,0.0,0.4208112359046936,2.723845667,5.615235325,2.8913896580000005,2.816448926925659,0.07494068145751953
87,-1.8234094381332397,-2.2017662525177,0.7561909556388855,1.2030110359191895,-1.0668096542358398,1.1296002864837646,1.0,0.0,0.0,0.0,1.0,0.0,1.0,1.0,0.0,1.0,0.0,1.0,0.0,0.0,0.0,1.0,0.0,0.0,0.0,0.04987966641783714,3.949552277,6.1969293389999995,2.2473770619999995,3.9569504261016846,-1.7095732688903809
88,0.5111333727836609,-0.20294594764709473,-0.733260989189148,-0.8796060085296631,1.0587753057479858,1.2952159643173218,0.0,0.0,1.0,0.0,0.0,0.0,0.0,2.0,0.0,1.0,1.0,1.0,0.0,0.0,0.0,0.0,0.0,0.0,1.0,0.28849008679389954,2.184635919,8.161383288,5.976747369,4.0125908851623535,1.9641566276550293
89,1.0083045959472656,0.5965821743011475,-0.3608979880809784,0.16170252859592438,1.1212924718856812,-0.19532442092895508,1.0,0.0,1.0,1.0,0.0,0.0,1.0,1.0,0.0,1.0,1.0,1.0,1.0,0.0,0.0,0.0,0.0,0.0,0.0,0.32640182971954346,0.880649612,6.094435462000001,5.213785850000001,4.052264213562012,1.1615214347839355
90,-0.35351210832595825,0.19681812822818756,0.7561909556388855,-0.8796060085296631,-0.004017170052975416,-1.3546335697174072,0.0,0.0,0.0,1.0,0.0,0.0,0.0,2.0,0.0,1.0,0.0,1.0,0.0,0.0,0.0,0.0,0.0,0.0,0.0,0.0019786402117460966,0.753737944,5.876450835,5.122712891,4.39194393157959,0.730769157409668
91,-0.05088618025183678,-0.6027100086212158,-0.3608979880809784,-0.8796060085296631,0.2460516393184662,-0.19532442092895508,1.0,0.0,1.0,0.0,0.0,1.0,0.0,2.0,0.0,1.0,1.0,1.0,0.0,0.0,0.0,0.0,1.0,0.0,0.0,8.948695176513866e-05,1.990296466,5.242370621,3.252074155,4.901134014129639,-1.649059772491455
92,1.0299206972122192,-0.20294594764709473,-0.3608979880809784,-0.8796060085296631,-1.5669472217559814,-0.8577867746353149,0.0,0.0,0.0,1.0,0.0,0.0,1.0,2.0,0.0,1.0,0.0,1.0,0.0,0.0,0.0,1.0,0.0,0.0,0.0,0.9998267292976379,1.34627528,6.927687604,5.581412324,5.10500431060791,0.4764080047607422
93,0.8569915890693665,0.9963462352752686,0.011464990675449371,2.244319438934326,0.6836720705032349,-0.36094000935554504,1.0,0.0,0.0,1.0,0.0,0.0,0.0,1.0,0.0,1.0,0.0,1.0,0.0,0.0,0.0,1.0,0.0,0.0,0.0,2.159711038984824e-05,1.5198941769999998,6.630130631,5.110236454000001,5.073208332061768,0.03702831268310547
94,0.3165881633758545,0.19681812822818756,-0.3608979880809784,0.16170252859592438,-0.1290515810251236,2.288909435272217,0.0,0.0,0.0,0.0,0.0,1.0,0.0,1.0,0.0,1.0,1.0,1.0,0.0,1.0,0.0,0.0,0.0,0.0,0.0,0.4719083607196808,7.068151466000001,8.500508552000001,1.4323570860000006,2.8555538654327393,-1.423196792602539
95,0.8137593269348145,0.9963462352752686,-1.1056239604949951,0.16170252859592438,0.9337408542633057,2.288909435272217,0.0,0.0,1.0,0.0,0.0,0.0,0.0,1.0,1.0,1.0,1.0,1.0,0.0,0.0,0.0,0.0,0.0,0.0,0.0,0.9995478987693787,7.155599037999999,7.875369697000001,0.7197706590000017,1.7120500802993774,-0.9922794103622437
96,0.9434561729431152,0.9963462352752686,-1.4779869318008423,1.2030110359191895,0.9962580800056458,0.4671379625797272,1.0,0.0,0.0,0.0,1.0,0.0,1.0,1.0,1.0,0.0,1.0,1.0,0.0,0.0,0.0,0.0,0.0,0.0,1.0,0.028728123754262924,2.7292085489999995,9.494496691,6.765288142000001,3.5366110801696777,3.228677272796631
97,0.1652752012014389,0.19681812822818756,0.011464990675449371,2.244319438934326,0.4336032569408417,-0.6921712160110474,1.0,0.0,0.0,0.0,1.0,0.0,0.0,1.0,0.0,1.0,0.0,1.0,0.0,0.0,0.0,1.0,0.0,0.0,0.0,0.0004768894286826253,1.930986954,5.646035138999999,3.7150481849999997,4.104264736175537,-0.38921666145324707
98,0.5543656945228577,0.19681812822818756,-0.3608979880809784,-0.8796060085296631,-0.6917064189910889,-1.0234023332595825,1.0,0.0,0.0,1.0,0.0,0.0,0.0,2.0,0.0,1.0,0.0,1.0,0.0,0.0,0.0,0.0,0.0,1.0,0.0,7.131330676202197e-06,1.3126241029999999,4.453708253,3.14108415,4.145205497741699,-1.0041213035583496
99,-0.8722994327545166,-0.6027100086212158,0.38382798433303833,2.244319438934326,0.6211548447608948,1.4608315229415894,0.0,0.0,1.0,0.0,1.0,0.0,0.0,1.0,0.0,1.0,1.0,1.0,1.0,0.0,0.0,0.0,0.0,0.0,0.0,0.0002825125411618501,4.596619876,7.570358564,2.973738688,3.8852243423461914,-0.9114856719970703
100,0.2517397403717041,0.5965821743011475,-0.733260989189148,-0.8796060085296631,1.871498942375183,-0.36094000935554504,1.0,0.0,1.0,0.0,1.0,0.0,1.0,2.0,1.0,1.0,1.0,1.0,0.0,0.0,1.0,0.0,0.0,0.0,0.0,0.0068002622574567795,2.648259748,6.830791014,4.182531266,4.0582075119018555,0.12432384490966797
101,-0.007653906941413879,-0.20294594764709473,-0.3608979880809784,0.16170252859592438,-0.3166031837463379,1.792062759399414,0.0,0.0,1.0,0.0,0.0,1.0,1.0,1.0,0.0,1.0,0.0,1.0,0.0,0.0,0.0,0.0,0.0,0.0,0.0,0.9018656611442566,4.091946288,6.06197592,1.9700296320000001,3.1807146072387695,-1.2106850147247314
102,-0.7642187476158142,-0.6027100086212158,1.1285539865493774,0.16170252859592438,0.6211548447608948,-1.1890180110931396,0.0,1.0,0.0,1.0,0.0,0.0,0.0,1.0,0.0,1.0,0.0,1.0,0.0,1.0,0.0,0.0,0.0,0.0,0.0,1.6335417967638932e-05,2.39976029,6.549479965,4.149719675,4.181778907775879,-0.0320591926574707
103,-1.9531062841415405,-2.2017662525177,1.8732799291610718,0.16170252859592438,1.1212924718856812,-0.36094000935554504,0.0,0.0,0.0,0.0,1.0,0.0,1.0,1.0,0.0,1.0,0.0,1.0,0.0,0.0,1.0,0.0,0.0,0.0,0.0,5.222366962698288e-05,1.838631031,7.465424948,5.626793917,4.6342453956604,0.9925484657287598
104,0.7921431660652161,1.3961102962493896,-0.3608979880809784,-0.8796060085296631,-0.0665343701839447,-1.0234023332595825,0.0,0.0,0.0,0.0,1.0,0.0,1.0,2.0,0.0,1.0,1.0,1.0,0.0,0.0,0.0,0.0,0.0,0.0,0.0,0.0024843993596732616,2.23295175,6.001701337,3.7687495870000003,4.259722709655762,-0.49097323417663574
105,-0.15896686911582947,-0.6027100086212158,-0.3608979880809784,-0.8796060085296631,1.4338785409927368,-0.8577867746353149,1.0,0.0,0.0,1.0,0.0,0.0,1.0,2.0,0.0,1.0,0.0,1.0,1.0,0.0,0.0,0.0,0.0,0.0,0.0,0.326065331697464,1.593343942,5.24303327,3.649689328,4.179642677307129,-0.5299532413482666
106,-0.20219914615154266,1.3961102962493896,-0.733260989189148,-0.8796060085296631,1.1212924718856812,-1.0234023332595825,1.0,0.0,1.0,1.0,0.0,0.0,1.0,2.0,0.0,1.0,0.0,1.0,0.0,0.0,1.0,0.0,0.0,0.0,0.0,0.00014171061047818512,1.411111218,7.505548543,6.0944373249999995,4.157515048980713,1.9369220733642578
107,-0.8074510097503662,-0.20294594764709473,-0.3608979880809784,-0.8796060085296631,0.8087064623832703,-0.526555597782135,0.0,0.0,0.0,1.0,0.0,0.0,0.0,2.0,0.0,1.0,0.0,1.0,1.0,0.0,0.0,0.0,0.0,0.0,0.0,0.0510982908308506,2.996272705,6.633952219,3.6376795140000002,4.09501314163208,-0.4573335647583008
108,-1.434319019317627,-1.802002191543579,1.1285539865493774,0.16170252859592438,-1.3168784379959106,-0.029708821326494217,0.0,0.0,0.0,1.0,0.0,0.0,1.0,1.0,0.0,1.0,1.0,1.0,0.0,1.0,0.0,0.0,0.0,0.0,0.0,1.85349490493536e-05,2.269522862,6.0299167670000005,3.7603939050000004,4.315069198608398,-0.5546753406524658
109,0.8786077499389648,0.5965821743011475,-0.3608979880809784,0.16170252859592438,-0.8792579770088196,1.2952159643173218,1.0,0.0,1.0,0.0,1.0,0.0,0.0,1.0,0.0,1.0,1.0,1.0,1.0,0.0,0.0,0.0,0.0,0.0,0.0,0.007677999325096607,3.044713181,6.048466754,3.0037535729999996,3.596606969833374,-0.592853307723999
110,1.3541628122329712,0.5965821743011475,-1.1056239604949951,-0.8796060085296631,0.3710860311985016,-1.0234023332595825,1.0,0.0,1.0,0.0,1.0,0.0,0.0,2.0,0.0,1.0,0.0,1.0,0.0,0.0,0.0,0.0,0.0,0.0,1.0,0.5020243525505066,0.144451695,5.608276458,5.463824763,4.569207191467285,0.8946175575256348
111,1.4622434377670288,0.9963462352752686,-0.3608979880809784,-0.8796060085296631,0.2460516393184662,-0.36094000935554504,1.0,0.0,1.0,0.0,0.0,1.0,1.0,2.0,0.0,1.0,1.0,1.0,0.0,0.0,0.0,0.0,0.0,0.0,0.0,0.8774628639221191,1.9101241919999998,7.841319588999999,5.931195397,4.171049118041992,1.760146141052246
112,-1.2830060720443726,-1.402238130569458,1.1285539865493774,0.16170252859592438,0.3085688352584839,-1.1890180110931396,1.0,0.0,1.0,0.0,1.0,0.0,0.0,1.0,0.0,1.0,0.0,1.0,0.0,0.0,0.0,0.0,0.0,1.0,0.0,0.00027166411746293306,0.287976045,6.029107108,5.741131063,4.658503532409668,1.082627296447754
113,-0.22381527721881866,0.19681812822818756,-1.4779869318008423,-0.8796060085296631,0.4961204528808594,0.4671379625797272,1.0,0.0,1.0,0.0,0.0,1.0,1.0,2.0,0.0,1.0,1.0,1.0,0.0,0.0,1.0,0.0,0.0,0.0,0.0,0.0036515898536890745,2.41933008,5.8563439939999995,3.4370139139999996,4.239346981048584,-0.8023331165313721
114,-0.22381527721881866,-0.20294594764709473,0.38382798433303833,-0.8796060085296631,-0.8167408108711243,-1.0234023332595825,1.0,0.0,0.0,1.0,0.0,0.0,1.0,2.0,0.0,1.0,0.0,1.0,0.0,1.0,0.0,0.0,0.0,0.0,0.0,1.0218771421932615e-05,2.094914917,6.551034689,4.456119771999999,4.1689887046813965,0.28713083267211914
115,1.15961754322052,-0.20294594764709473,-0.733260989189148,-0.8796060085296631,0.8087064623832703,-0.36094000935554504,0.0,0.0,0.0,0.0,1.0,0.0,1.0,2.0,0.0,1.0,1.0,1.0,0.0,0.0,0.0,0.0,0.0,0.0,0.0,0.9243476390838623,0.303088418,4.736109516,4.433021098,4.157054901123047,0.27596616744995117
116,0.6840624809265137,0.5965821743011475,-1.4779869318008423,-0.8796060085296631,0.6211548447608948,-1.1890180110931396,1.0,0.0,0.0,1.0,0.0,0.0,0.0,2.0,0.0,1.0,1.0,1.0,0.0,0.0,0.0,0.0,0.0,0.0,1.0,0.9791186451911926,2.2234278180000002,4.160612867,1.937185049,4.102593421936035,-2.1654083728790283
117,-0.5048250555992126,-0.3782636523246765,-0.3608979880809784,1.2030110359191895,0.3710860311985016,-0.029708821326494217,1.0,0.0,0.0,0.0,1.0,0.0,0.0,1.0,0.0,1.0,0.0,1.0,0.0,0.0,0.0,0.0,1.0,0.0,0.0,1.4979509614931885e-05,1.9029063609999999,6.265911489,4.363005127999999,4.590909957885742,-0.2279047966003418
118,1.4406273365020752,0.5965821743011475,-1.4779869318008423,1.2030110359191895,-0.8167408108711243,0.4671379625797272,1.0,0.0,1.0,1.0,0.0,0.0,0.0,1.0,0.0,1.0,0.0,1.0,0.0,0.0,0.0,0.0,0.0,0.0,1.0,1.733283352223225e-05,2.732224865,8.252929907999999,5.520705042999999,4.349122047424316,1.1715831756591797
119,0.013962230645120144,0.19681812822818756,1.1285539865493774,-0.8796060085296631,-0.2540859878063202,1.792062759399414,0.0,0.0,1.0,0.0,0.0,1.0,0.0,2.0,0.0,1.0,0.0,1.0,0.0,0.0,1.0,0.0,0.0,0.0,0.0,0.007780272047966719,2.8179543380000003,7.449449467999999,4.631495129999999,2.7185797691345215,1.9129152297973633
120,0.2085074633359909,-0.20294594764709473,1.1285539865493774,1.2030110359191895,0.2460516393184662,-0.526555597782135,1.0,0.0,0.0,0.0,1.0,0.0,0.0,1.0,0.0,1.0,0.0,1.0,0.0,0.0,0.0,0.0,1.0,0.0,0.0,1.421375145582715e-05,2.811190245,6.294478027,3.483287782,4.825496673583984,-1.3422088623046875
121,-1.9963386058807373,-1.802002191543579,1.8732799291610718,-0.8796060085296631,-0.004017170052975416,-1.685864806175232,1.0,0.0,0.0,1.0,0.0,0.0,1.0,2.0,0.0,0.0,0.0,1.0,0.0,0.0,0.0,1.0,0.0,0.0,0.0,0.03586900979280472,1.191659662,5.798754379,4.607094717,4.672704696655273,-0.06560993194580078
122,-0.15896686911582947,-0.20294594764709473,0.7561909556388855,1.2030110359191895,-0.5666719675064087,-0.19532442092895508,0.0,0.0,0.0,0.0,0.0,1.0,0.0,1.0,0.0,1.0,1.0,1.0,1.0,0.0,0.0,0.0,0.0,0.0,0.0,0.00018154441204387695,0.695405609,5.693242239,4.99783663,3.7832846641540527,1.2145519256591797
123,-0.9371477961540222,-0.6027100086212158,1.1285539865493774,0.16170252859592438,-1.2543612718582153,1.1296002864837646,0.0,0.0,1.0,0.0,0.0,1.0,0.0,1.0,0.0,1.0,0.0,1.0,0.0,0.0,1.0,0.0,0.0,0.0,0.0,0.09823795408010483,2.897255975,6.983577757999999,4.086321782999999,3.679870367050171,0.4064514636993408
124,-0.15896686911582947,-0.20294594764709473,-1.1056239604949951,0.16170252859592438,0.8712236881256104,-0.8577867746353149,1.0,1.0,0.0,1.0,0.0,0.0,0.0,1.0,0.0,1.0,1.0,1.0,0.0,0.0,0.0,0.0,0.0,1.0,0.0,1.550954402773641e-05,1.750591466,6.654876855,4.904285389,3.841857433319092,1.0624279975891113
125,0.5327495336532593,0.5965821743011475,-1.1056239604949951,-0.8796060085296631,1.0587753057479858,-0.36094000935554504,0.0,0.0,1.0,0.0,0.0,1.0,0.0,2.0,0.0,1.0,1.0,1.0,0.0,0.0,1.0,0.0,0.0,0.0,0.0,0.21586130559444427,1.0425621790000001,6.280905167,5.238342988,3.8947300910949707,1.3436126708984375
126,0.2517397403717041,0.19681812822818756,0.011464990675449371,-0.8796060085296631,1.0587753057479858,-1.3546335697174072,0.0,0.0,0.0,1.0,0.0,0.0,0.0,2.0,0.0,1.0,1.0,1.0,0.0,0.0,0.0,1.0,0.0,0.0,0.0,0.004891037009656429,1.449471046,6.622710741000001,5.173239695,4.161949634552002,1.0112900733947754
127,-0.07250232249498367,0.5965821743011475,-0.733260989189148,2.244319438934326,1.8089816570281982,0.6327535510063171,1.0,0.0,0.0,0.0,1.0,0.0,1.0,1.0,0.0,1.0,0.0,1.0,1.0,0.0,0.0,0.0,0.0,0.0,0.0,3.97537087337696e-06,4.3672106610000005,7.920735189,3.5535245279999996,4.038055896759033,-0.4845314025878906
128,0.5975979566574097,0.9963462352752686,-0.3608979880809784,0.16170252859592438,-0.7542235851287842,-1.0234023332595825,0.0,0.0,0.0,0.0,1.0,0.0,0.0,1.0,0.0,1.0,0.0,1.0,0.0,0.0,0.0,1.0,0.0,0.0,0.0,0.11445055156946182,1.489083825,3.67929185,2.1902080249999996,4.0698113441467285,-1.879603385925293
129,-0.20219914615154266,0.5965821743011475,-1.1056239604949951,-0.8796060085296631,-0.9417752027511597,-1.3546335697174072,1.0,0.0,0.0,1.0,0.0,0.0,0.0,2.0,0.0,1.0,1.0,1.0,0.0,0.0,0.0,0.0,0.0,1.0,0.0,0.03154975548386574,2.168364396,5.380134022000001,3.211769626000001,4.2043232917785645,-0.9925537109375
130,0.2085074633359909,0.19681812822818756,0.38382798433303833,1.2030110359191895,-0.6917064189910889,0.3015223741531372,1.0,0.0,0.0,0.0,1.0,0.0,1.0,1.0,0.0,1.0,0.0,1.0,0.0,0.0,0.0,0.0,0.0,0.0,1.0,0.002078922465443611,2.447230428,6.4642029370000005,4.016972509,3.950040578842163,0.06693196296691895
131,0.1652752012014389,0.19681812822818756,-1.4779869318008423,-0.8796060085296631,-0.3166031837463379,1.1296002864837646,1.0,0.0,0.0,0.0,0.0,0.0,0.0,2.0,0.0,1.0,1.0,1.0,0.0,0.0,0.0,0.0,1.0,0.0,0.0,0.008328678086400032,3.8781258010000004,6.338743478,2.4606176769999992,4.206969261169434,-1.7463514804840088
132,0.7056786417961121,0.9963462352752686,-1.1056239604949951,-0.8796060085296631,1.5589128732681274,-1.3546335697174072,1.0,0.0,0.0,1.0,0.0,0.0,0.0,2.0,0.0,1.0,0.0,1.0,0.0,1.0,0.0,0.0,0.0,0.0,0.0,6.106560613261536e-05,0.43495591200000006,6.243417753999999,5.808461841999999,4.25691556930542,1.5515460968017578
133,0.3382042944431305,0.5965821743011475,-0.733260989189148,0.16170252859592438,0.6211548447608948,-0.19532442092895508,0.0,0.0,1.0,0.0,1.0,0.0,0.0,1.0,0.0,1.0,0.0,1.0,1.0,0.0,0.0,0.0,0.0,0.0,0.0,0.0016536476323381066,1.44911224,6.2518666529999996,4.802754413,4.501153469085693,0.30160093307495117
134,0.1868913322687149,0.19681812822818756,-0.3608979880809784,0.16170252859592438,-1.379395604133606,0.4671379625797272,0.0,0.0,1.0,1.0,0.0,0.0,1.0,1.0,0.0,1.0,1.0,1.0,0.0,0.0,0.0,0.0,0.0,0.0,1.0,2.9261769668664783e-05,3.8996865339999998,5.741144126,1.8414575920000003,4.7699480056762695,-2.928490400314331
135,1.1812336444854736,0.5965821743011475,-1.1056239604949951,-0.8796060085296631,-0.8792579770088196,-1.1890180110931396,0.0,0.0,0.0,1.0,0.0,0.0,0.0,2.0,0.0,1.0,0.0,1.0,0.0,0.0,0.0,0.0,0.0,1.0,0.0,0.00025361464940942824,1.768284886,4.138410813,2.370125927,4.422328948974609,-2.0522029399871826
136,1.332546591758728,0.9963462352752686,-1.4779869318008423,-0.8796060085296631,-0.1290515810251236,0.6327535510063171,0.0,0.0,0.0,0.0,1.0,0.0,1.0,2.0,0.0,1.0,1.0,0.0,0.0,0.0,0.0,0.0,1.0,0.0,0.0,1.2943619367433712e-06,1.8302409080000002,6.898286845,5.068045937,4.038928985595703,1.0291171073913574
137,0.2625478208065033,0.5965821743011475,-0.733260989189148,-0.8796060085296631,0.9962580800056458,0.3015223741531372,0.0,1.0,0.0,0.0,0.0,1.0,1.0,2.0,0.0,1.0,1.0,1.0,0.0,0.0,1.0,0.0,0.0,0.0,0.0,2.6374991648481227e-05,2.847536332,7.4499320120000005,4.602395680000001,4.247706890106201,0.3546886444091797
138,-0.41836053133010864,0.19681812822818756,-1.4779869318008423,1.2030110359191895,-0.2540859878063202,0.6327535510063171,0.0,0.0,0.0,1.0,0.0,0.0,1.0,1.0,1.0,1.0,0.0,1.0,0.0,0.0,0.0,1.0,0.0,0.0,0.0,0.075806625187397,4.1972639130000005,7.50961392,3.312350006999999,3.432650566101074,-0.1203005313873291
139,0.3598204255104065,0.19681812822818756,-0.3608979880809784,0.16170252859592438,1.1212924718856812,-1.0234023332595825,1.0,0.0,0.0,0.0,1.0,0.0,0.0,1.0,0.0,1.0,1.0,1.0,1.0,0.0,0.0,0.0,0.0,0.0,0.0,1.7683689293335192e-05,2.5664987669999997,7.093203927,4.526705160000001,4.287230491638184,0.23947477340698242
140,-1.2830060720443726,-1.002474069595337,1.1285539865493774,0.16170252859592438,-1.004292368888855,-1.1890180110931396,0.0,0.0,1.0,1.0,0.0,0.0,1.0,1.0,0.0,1.0,0.0,0.0,0.0,0.0,0.0,0.0,0.0,1.0,0.0,0.017388222739100456,1.707365155,6.190427711,4.483062556,5.041652202606201,-0.5585894584655762
141,-1.6720964908599854,-1.402238130569458,1.8732799291610718,2.244319438934326,0.5586376786231995,1.626447081565857,0.0,0.0,0.0,1.0,0.0,0.0,1.0,1.0,1.0,1.0,1.0,1.0,0.0,0.0,0.0,0.0,0.0,1.0,0.0,0.0012801605043932796,8.581096083,7.829016900000001,-0.7520791829999993,1.0803022384643555,-1.8323814868927002
142,-0.26704755425453186,-0.6027100086212158,0.38382798433303833,-0.8796060085296631,-0.7542235851287842,-0.526555597782135,1.0,0.0,0.0,0.0,1.0,0.0,0.0,2.0,0.0,1.0,1.0,1.0,0.0,0.0,0.0,0.0,0.0,1.0,0.0,3.94836706618662e-06,2.551956358,6.750624796,4.198668438,4.155463695526123,0.04320478439331055
143,0.5975979566574097,0.5965821743011475,-0.3608979880809784,1.2030110359191895,0.12101723253726959,-0.19532442092895508,0.0,0.0,0.0,1.0,0.0,0.0,1.0,1.0,1.0,1.0,0.0,1.0,0.0,0.0,0.0,0.0,1.0,0.0,0.0,1.5522033208981156e-05,2.54038888,7.722013455,5.181624575,4.073060512542725,1.1085638999938965
144,1.0645065307617188,0.9963462352752686,0.011464990675449371,-0.8796060085296631,-1.6919816732406616,1.626447081565857,0.0,0.0,1.0,0.0,0.0,0.0,1.0,2.0,0.0,1.0,1.0,1.0,1.0,0.0,0.0,0.0,0.0,0.0,0.0,0.9793727993965149,2.563576577,5.584877219,3.021300642,3.9751667976379395,-0.9538662433624268
145,-0.15896686911582947,0.5965821743011475,-1.4779869318008423,-0.8796060085296631,1.4963957071304321,-0.36094000935554504,1.0,0.0,1.0,0.0,0.0,1.0,1.0,2.0,0.0,1.0,1.0,1.0,0.0,0.0,0.0,0.0,0.0,0.0,0.0,0.0036993040703237057,0.178507521,5.347703403,5.1691958819999995,4.221715927124023,0.9474797248840332
146,-1.6720964908599854,-1.802002191543579,2.245642900466919,1.2030110359191895,-1.0668096542358398,1.1296002864837646,0.0,0.0,1.0,0.0,1.0,0.0,0.0,1.0,0.0,1.0,1.0,1.0,0.0,0.0,0.0,0.0,0.0,0.0,1.0,0.10278761386871338,2.978126084,7.448681004,4.47055492,5.212742805480957,-0.7421879768371582
147,0.3165881633758545,0.5965821743011475,-0.733260989189148,0.16170252859592438,0.2460516393184662,-1.0234023332595825,0.0,0.0,0.0,0.0,1.0,0.0,0.0,1.0,0.0,1.0,1.0,1.0,1.0,0.0,0.0,0.0,0.0,0.0,0.0,0.00012138784222770482,0.392984471,5.288076115,4.895091644,4.876736640930176,0.01835489273071289
148,1.1812336444854736,0.5965821743011475,-1.8503499031066895,0.16170252859592438,0.4961204528808594,-0.029708821326494217,0.0,0.0,0.0,1.0,0.0,0.0,1.0,1.0,1.0,1.0,1.0,1.0,0.0,0.0,0.0,0.0,0.0,1.0,0.0,0.9645305275917053,3.326411684,6.813544309,3.487132625,3.839658737182617,-0.3525261878967285
149,0.1436590552330017,-0.20294594764709473,-0.3608979880809784,1.2030110359191895,-0.3166031837463379,2.288909435272217,1.0,0.0,1.0,0.0,1.0,0.0,0.0,1.0,0.0,1.0,1.0,1.0,0.0,1.0,0.0,0.0,0.0,0.0,0.0,0.07904011011123657,7.0451858220000005,8.243871037,1.1986852149999994,2.7297377586364746,-1.531052589416504
