,X1,X2,X3,X4,X5,X6,X7,X8,X9,X10,X11,X12,X13,X14,X15,X16,X17,X18,X19,X20,X21,X22,X23,X24,X25,ps_score,factual,counter_factual,true_ITE,predicted_ITE,diff
0,0.7705270648002625,0.5965821743011475,0.38382798433303833,-0.8796060085296631,-1.379395604133606,0.4671379625797272,0.0,0.0,1.0,0.0,0.0,0.0,0.0,2.0,0.0,1.0,1.0,1.0,0.0,0.0,0.0,0.0,0.0,0.0,0.0,0.313809871673584,7.747586396,2.856067559,4.891518837,3.582982301712036,1.3085367679595947
1,-1.8234094381332397,-2.2017662525177,1.8732799291610718,-0.8796060085296631,-0.1915687769651413,0.6327535510063171,1.0,0.0,1.0,0.0,0.0,1.0,0.0,2.0,0.0,1.0,1.0,1.0,0.0,0.0,0.0,1.0,0.0,0.0,0.0,0.0020378665067255497,6.947152716000001,2.398184026,4.548968690000001,4.339548587799072,0.20942020416259766
2,0.12204291671514511,0.19681812822818756,-0.3608979880809784,0.16170252859592438,0.4961204528808594,0.13590677082538605,1.0,0.0,0.0,0.0,1.0,0.0,1.0,1.0,0.0,1.0,1.0,1.0,0.0,0.0,0.0,0.0,0.0,0.0,1.0,0.15355448424816132,6.137814677000001,3.0525983830000003,3.0852162940000003,4.244716167449951,-1.1594998836517334
3,-0.43997666239738464,-0.20294594764709473,0.011464990675449371,-0.8796060085296631,-0.2540859878063202,-1.0234023332595825,1.0,1.0,1.0,0.0,1.0,0.0,0.0,2.0,0.0,1.0,1.0,1.0,0.0,0.0,1.0,0.0,0.0,0.0,0.0,0.016069116070866585,4.474726947,2.651103417,1.8236235299999999,4.437036037445068,-2.613412380218506
4,1.5054757595062256,1.3961102962493896,-0.3608979880809784,0.16170252859592438,-0.5041548013687134,-0.029708821326494217,1.0,0.0,1.0,1.0,0.0,0.0,0.0,1.0,0.0,1.0,1.0,1.0,1.0,0.0,0.0,0.0,0.0,0.0,0.0,0.5189103484153748,7.417732895,3.308213914,4.109518981000001,4.414294719696045,-0.3047757148742676
5,0.10042677819728851,-0.07717767357826233,0.011464990675449371,-0.8796060085296631,0.7461892366409302,-0.526555597782135,0.0,0.0,1.0,0.0,0.0,1.0,0.0,2.0,0.0,1.0,1.0,1.0,0.0,0.0,0.0,0.0,0.0,0.0,1.0,0.9584961533546448,3.9392009519999998,3.016320659,0.922880293,4.602405548095703,-3.679525375366211
6,0.12204291671514511,-0.20294594764709473,-0.3608979880809784,1.2030110359191895,0.058500032871961594,0.6327535510063171,1.0,0.0,1.0,0.0,0.0,1.0,1.0,1.0,0.0,1.0,1.0,1.0,0.0,0.0,0.0,0.0,0.0,1.0,0.0,0.994358241558075,5.86106116,3.928661084,1.9324000760000004,3.657899856567383,-1.7254997491836548
7,0.1436590552330017,0.9963462352752686,-0.3608979880809784,0.16170252859592438,0.2460516393184662,-1.3546335697174072,0.0,1.0,0.0,1.0,0.0,0.0,0.0,1.0,0.0,1.0,0.0,1.0,0.0,1.0,0.0,0.0,0.0,0.0,0.0,4.202742900361045e-07,6.3073764820000005,0.8027139990000001,5.504662483000001,4.432160377502441,1.0725021362304688
8,0.7597189545631409,0.5965821743011475,0.38382798433303833,-0.8796060085296631,-0.3791203796863556,-0.36094000935554504,1.0,0.0,0.0,0.0,1.0,0.0,0.0,2.0,0.0,1.0,1.0,1.0,0.0,0.0,1.0,0.0,0.0,0.0,0.0,0.6505459547042847,6.871173584,0.18979355,6.681380034,4.019094467163086,2.662285804748535
9,-0.18058300018310547,0.19681812822818756,-0.3608979880809784,-0.8796060085296631,0.9962580800056458,0.9639847278594971,0.0,0.0,1.0,0.0,0.0,1.0,0.0,2.0,0.0,1.0,1.0,1.0,0.0,0.0,0.0,0.0,0.0,0.0,0.0,0.940086305141449,7.484103522000001,3.4529618089999996,4.031141713000001,4.172977447509766,-0.14183568954467773
10,0.9866884350776672,0.9963462352752686,-1.1056239604949951,2.244319438934326,1.1212924718856812,-0.029708821326494217,1.0,0.0,1.0,1.0,0.0,0.0,1.0,1.0,0.0,1.0,0.0,1.0,0.0,0.0,0.0,0.0,0.0,0.0,1.0,0.30175626277923584,6.20564096,3.145292175,3.0603487850000004,4.017806053161621,-0.9574573040008545
11,-0.28866368532180786,0.19681812822818756,0.7561909556388855,0.16170252859592438,-2.3171536922454834,-0.029708821326494217,0.0,0.0,1.0,0.0,1.0,0.0,1.0,1.0,0.0,1.0,1.0,1.0,0.0,0.0,0.0,0.0,0.0,0.0,1.0,0.022141115739941597,6.215572155,0.6324781279999999,5.5830940270000005,4.232546329498291,1.3505477905273438
12,-0.8722994327545166,-0.6027100086212158,0.7561909556388855,-0.8796060085296631,1.1838096380233765,1.2952159643173218,1.0,0.0,1.0,0.0,0.0,1.0,0.0,2.0,0.0,1.0,0.0,1.0,0.0,0.0,0.0,0.0,0.0,0.0,1.0,0.13265769183635712,7.131295804,2.9661324039999997,4.1651634,4.239406108856201,-0.07424259185791016
13,0.057194504886865616,-0.20294594764709473,-0.3608979880809784,-0.8796060085296631,-0.3166031837463379,0.9639847278594971,1.0,0.0,1.0,0.0,0.0,0.0,0.0,2.0,0.0,1.0,1.0,1.0,0.0,1.0,0.0,0.0,0.0,0.0,0.0,0.15453113615512848,8.18273366,1.8567241140000001,6.326009546,3.8771533966064453,2.4488563537597656
14,-0.5480573177337646,0.5965821743011475,1.5009169578552246,-0.8796060085296631,-1.1918439865112305,-0.8577867746353149,1.0,0.0,1.0,1.0,0.0,0.0,1.0,2.0,1.0,1.0,0.0,1.0,0.0,0.0,0.0,0.0,0.0,1.0,0.0,0.04046954959630966,6.417114586,1.820102696,4.59701189,3.8391194343566895,0.7578926086425781
15,1.2893143892288208,0.19681812822818756,0.7561909556388855,1.2030110359191895,-2.254636526107788,-0.029708821326494217,0.0,0.0,0.0,1.0,0.0,0.0,1.0,1.0,0.0,1.0,0.0,1.0,1.0,0.0,0.0,0.0,0.0,0.0,0.0,0.24275007843971252,6.612035924,2.5105629,4.101473024,4.224352836608887,-0.1228799819946289
16,-0.28866368532180786,0.19681812822818756,-0.3608979880809784,-0.8796060085296631,0.8712236881256104,-0.36094000935554504,1.0,0.0,1.0,0.0,0.0,1.0,0.0,2.0,0.0,1.0,0.0,1.0,1.0,0.0,0.0,0.0,0.0,0.0,0.0,0.002165782731026411,7.89358577,2.532835601,5.360750168999999,4.462924480438232,0.8978257179260254
17,1.4406273365020752,1.18016517162323,-0.733260989189148,0.16170252859592438,-0.0665343701839447,0.4671379625797272,0.0,0.0,1.0,0.0,0.0,1.0,0.0,1.0,0.0,1.0,1.0,1.0,0.0,0.0,0.0,0.0,0.0,0.0,0.0,0.0006798169924877584,7.342640577,1.71316262,5.629477957,4.243402481079102,1.386075496673584
18,0.07881063967943192,0.19681812822818756,0.38382798433303833,0.16170252859592438,-0.5041548013687134,0.9639847278594971,0.0,0.0,1.0,0.0,1.0,0.0,1.0,1.0,0.0,0.0,1.0,1.0,0.0,0.0,0.0,0.0,0.0,0.0,1.0,0.022564778104424477,6.50768074,2.2072913130000003,4.300389426999999,3.9544246196746826,0.3459646701812744
19,1.419011116027832,0.5965821743011475,-0.3608979880809784,-0.8796060085296631,-1.6294643878936768,-0.6921712160110474,0.0,0.0,0.0,1.0,0.0,0.0,1.0,2.0,0.0,1.0,1.0,1.0,0.0,0.0,0.0,0.0,0.0,0.0,0.0,0.013830818235874176,6.801465546,2.2534422259999998,4.54802332,4.346223831176758,0.2017993927001953
20,-0.5480573177337646,-0.20294594764709473,-0.3608979880809784,-0.8796060085296631,0.058500032871961594,-0.8577867746353149,1.0,0.0,0.0,1.0,0.0,0.0,0.0,2.0,0.0,1.0,1.0,1.0,0.0,0.0,0.0,0.0,0.0,0.0,0.0,0.01058684941381216,6.762640143,1.448663185,5.313976958,4.369787693023682,0.9441890716552734
21,-2.0395708084106445,-2.2017662525177,0.011464990675449371,0.16170252859592438,-0.3791203796863556,0.3015223741531372,1.0,0.0,1.0,0.0,0.0,1.0,0.0,1.0,0.0,1.0,1.0,1.0,0.0,0.0,0.0,1.0,0.0,0.0,0.0,0.0228497963398695,2.48508732,6.659410539,4.174323219,4.432986259460449,-0.2586631774902344
22,-2.255732297897339,-1.402238130569458,1.5009169578552246,-0.8796060085296631,-0.1290515810251236,-1.0234023332595825,1.0,0.0,0.0,1.0,0.0,0.0,0.0,2.0,0.0,1.0,0.0,1.0,0.0,0.0,0.0,0.0,0.0,1.0,0.0,1.6727965430618497e-06,0.605363643,4.994208302,4.388844659,4.314913749694824,0.07393074035644531
23,-0.7426025867462158,-0.978717029094696,1.1285539865493774,-0.8796060085296631,0.12101723253726959,-0.36094000935554504,1.0,0.0,1.0,0.0,0.0,0.0,0.0,2.0,0.0,1.0,1.0,1.0,0.0,0.0,0.0,0.0,0.0,0.0,0.0,0.9834099411964417,1.028770687,6.158913693,5.130143006,4.402143955230713,0.727999210357666
24,-0.7426025867462158,-1.002474069595337,1.1285539865493774,0.16170252859592438,-0.004017170052975416,-1.1890180110931396,1.0,0.0,0.0,0.0,1.0,0.0,0.0,1.0,0.0,1.0,0.0,1.0,0.0,0.0,0.0,0.0,0.0,1.0,0.0,1.7725667476042872e-06,1.899311856,6.592310238,4.692998382,4.251293659210205,0.44170475006103516
25,0.7705270648002625,0.9963462352752686,-1.1056239604949951,1.2030110359191895,0.4336032569408417,-0.19532442092895508,0.0,0.0,0.0,0.0,1.0,0.0,1.0,1.0,0.0,1.0,0.0,1.0,0.0,0.0,0.0,0.0,1.0,0.0,0.0,1.455296967378672e-07,1.117741588,6.789240969,5.671499381,4.348598480224609,1.3229007720947266
26,-1.6504803895950317,-1.802002191543579,1.1285539865493774,2.244319438934326,0.4336032569408417,0.4671379625797272,1.0,0.0,0.0,1.0,0.0,0.0,1.0,1.0,0.0,0.0,0.0,0.0,0.0,1.0,0.0,0.0,0.0,0.0,0.0,0.00855663139373064,4.3170164060000005,5.849073207999999,1.5320568019999987,3.040762424468994,-1.5087056159973145
27,1.494667649269104,0.9963462352752686,-0.733260989189148,-0.8796060085296631,0.1835344433784485,-1.5202491283416748,1.0,0.0,0.0,1.0,0.0,0.0,1.0,2.0,0.0,1.0,0.0,1.0,0.0,0.0,1.0,0.0,0.0,0.0,0.0,0.12868915498256683,1.596212494,6.540225903,4.944013409,4.21684455871582,0.7271690368652344
28,-0.9587639570236206,-0.20294594764709473,0.011464990675449371,1.2030110359191895,1.1212924718856812,0.13590677082538605,1.0,0.0,1.0,1.0,0.0,0.0,1.0,1.0,1.0,1.0,1.0,0.0,1.0,0.0,0.0,0.0,0.0,0.0,0.0,0.00011171687947353348,3.0491306000000002,6.85633198,3.80720138,3.390263557434082,0.41693782806396484
29,0.013962230645120144,0.19681812822818756,1.1285539865493774,-0.8796060085296631,-0.2540859878063202,1.792062759399414,0.0,0.0,1.0,0.0,0.0,1.0,0.0,2.0,0.0,1.0,0.0,1.0,0.0,0.0,1.0,0.0,0.0,0.0,0.0,0.01441684365272522,2.8179543380000003,7.449449467999999,4.631495129999999,3.010291814804077,1.6212031841278076
30,1.2893143892288208,0.19681812822818756,-0.733260989189148,1.2030110359191895,-0.1290515810251236,-0.36094000935554504,1.0,1.0,0.0,0.0,1.0,0.0,1.0,1.0,0.0,1.0,1.0,1.0,0.0,0.0,0.0,0.0,0.0,1.0,0.0,0.1041550487279892,1.944536944,6.185290845,4.240753901,4.089101791381836,0.15165233612060547
31,1.5054757595062256,1.3961102962493896,-1.1056239604949951,0.16170252859592438,-0.1290515810251236,1.626447081565857,1.0,0.0,0.0,0.0,0.0,1.0,0.0,1.0,0.0,1.0,1.0,1.0,0.0,1.0,0.0,0.0,0.0,0.0,0.0,6.444247446779627e-06,3.0057926289999997,4.37219555,1.3664029210000002,2.453334331512451,-1.0869314670562744
32,0.4246688485145569,0.6991774439811707,0.7561909556388855,1.2030110359191895,0.058500032871961594,0.7983691692352295,0.0,1.0,1.0,0.0,0.0,0.0,0.0,1.0,0.0,1.0,0.0,1.0,0.0,0.0,0.0,0.0,0.0,0.0,0.0,0.019014237448573112,2.9471984360000003,8.077081688,5.129883251999999,3.1777172088623047,1.9521660804748535
33,-0.20219914615154266,1.3961102962493896,-0.733260989189148,-0.8796060085296631,1.1212924718856812,-1.0234023332595825,1.0,0.0,1.0,1.0,0.0,0.0,1.0,2.0,0.0,1.0,0.0,1.0,0.0,0.0,1.0,0.0,0.0,0.0,0.0,4.1387462260900065e-05,1.411111218,7.505548543,6.0944373249999995,4.432159900665283,1.6622772216796875
34,-0.9155316948890686,-1.002474069595337,1.1285539865493774,0.16170252859592438,-1.2543612718582153,-1.3546335697174072,1.0,0.0,0.0,1.0,0.0,0.0,0.0,1.0,0.0,1.0,0.0,1.0,0.0,1.0,0.0,0.0,0.0,0.0,0.0,4.256933294755072e-08,1.4696244109999999,5.073336678,3.6037122670000006,4.3332133293151855,-0.7295010089874268
35,0.2085074633359909,-0.20294594764709473,0.38382798433303833,0.16170252859592438,0.6211548447608948,1.9576783180236816,1.0,0.0,1.0,0.0,0.0,1.0,0.0,1.0,0.0,1.0,1.0,1.0,0.0,0.0,1.0,0.0,0.0,0.0,0.0,0.10141345113515854,2.73258385,7.384313718,4.651729867999999,3.0149717330932617,1.6367583274841309
36,0.2733558714389801,0.19681812822818756,-0.3608979880809784,-0.8796060085296631,-0.4416375756263733,-0.6921712160110474,1.0,0.0,0.0,1.0,0.0,0.0,1.0,2.0,0.0,1.0,0.0,1.0,0.0,1.0,0.0,0.0,0.0,0.0,0.0,5.285849329084158e-05,1.737341796,7.923724291,6.186382495,4.267585754394531,1.9187965393066406
37,-0.6777541637420654,-0.20294594764709473,-0.733260989189148,0.16170252859592438,-1.754498839378357,1.2952159643173218,1.0,1.0,1.0,0.0,0.0,0.0,0.0,1.0,0.0,1.0,1.0,1.0,0.0,0.0,1.0,0.0,0.0,0.0,0.0,0.6695311069488525,3.569252987,7.426776117999999,3.8575231309999993,4.263952732086182,-0.4064295291900635
38,0.6624463796615601,0.5965821743011475,-1.1056239604949951,1.2030110359191895,0.3085688352584839,-0.19532442092895508,1.0,0.0,0.0,0.0,1.0,0.0,1.0,1.0,0.0,1.0,1.0,1.0,0.0,0.0,0.0,0.0,0.0,1.0,0.0,0.0058970144018530846,4.520766758,5.286992218,0.7662254600000002,4.22537899017334,-3.459153652191162
39,1.3541628122329712,1.3961102962493896,-0.3608979880809784,0.16170252859592438,-1.8170160055160522,-1.0234023332595825,0.0,0.0,0.0,1.0,0.0,0.0,0.0,1.0,0.0,1.0,0.0,1.0,0.0,1.0,0.0,0.0,0.0,0.0,0.0,6.040792868589051e-05,1.4432530680000002,5.432690313999999,3.989437245999999,4.214447498321533,-0.22501015663146973
40,-0.612905740737915,-0.20294594764709473,0.7561909556388855,0.16170252859592438,-0.004017170052975416,-0.8577867746353149,0.0,0.0,1.0,0.0,1.0,0.0,0.0,1.0,0.0,1.0,1.0,1.0,1.0,0.0,0.0,0.0,0.0,0.0,0.0,9.937043068930507e-05,1.9339134740000001,4.705243629,2.771330155,4.518136978149414,-1.7468068599700928
41,1.1271933317184448,0.9963462352752686,-1.4779869318008423,-0.8796060085296631,-0.0665343701839447,-1.0234023332595825,1.0,0.0,1.0,0.0,1.0,0.0,1.0,2.0,0.0,1.0,1.0,1.0,1.0,0.0,0.0,0.0,0.0,0.0,0.0,0.000580937194172293,0.6894252959999999,5.556006425,4.866581129,4.486708641052246,0.37987232208251953
42,0.9650722742080688,1.3961102962493896,-1.1056239604949951,-0.8796060085296631,0.7461892366409302,0.3015223741531372,1.0,0.0,1.0,0.0,0.0,1.0,0.0,2.0,0.0,1.0,1.0,1.0,0.0,0.0,1.0,0.0,0.0,0.0,0.0,0.06637032330036163,1.8236233030000002,6.148633809,4.325010506,4.336940765380859,-0.011930465698242188
43,1.5054757595062256,0.9963462352752686,-1.1056239604949951,2.244319438934326,0.1835344433784485,-0.526555597782135,1.0,0.0,1.0,1.0,0.0,0.0,1.0,1.0,0.0,1.0,1.0,0.0,0.0,0.0,0.0,0.0,0.0,1.0,0.0,1.982432877412066e-05,1.505198297,7.7270296,6.221831303,4.271190166473389,1.95064115524292
44,-0.7858348488807678,-0.6027100086212158,0.011464990675449371,0.16170252859592438,0.3710860311985016,-1.1890180110931396,0.0,0.0,0.0,1.0,0.0,0.0,1.0,1.0,1.0,0.0,0.0,1.0,0.0,0.0,0.0,0.0,1.0,0.0,0.0,9.641225005907472e-06,1.8796357259999998,7.711458925,5.831823199,4.344493865966797,1.4873294830322266
45,-0.15896686911582947,-3.8008224964141846,0.38382798433303833,0.16170252859592438,-0.9417752027511597,1.2952159643173218,1.0,0.0,1.0,0.0,0.0,0.0,0.0,1.0,0.0,1.0,1.0,1.0,0.0,0.0,0.0,0.0,0.0,0.0,1.0,0.9995985627174377,1.60438961,7.0331600420000004,5.428770432,4.722479820251465,0.7062907218933105
46,-1.2830060720443726,-1.002474069595337,1.8732799291610718,-0.8796060085296631,-0.8167408108711243,-0.029708821326494217,0.0,0.0,1.0,0.0,0.0,1.0,0.0,2.0,0.0,1.0,1.0,1.0,1.0,0.0,0.0,0.0,0.0,0.0,0.0,2.449759813316632e-05,3.773292662,8.017438632000001,4.244145970000002,4.177344799041748,0.06680107116699219
47,0.6408302187919617,0.5965821743011475,-0.3608979880809784,0.16170252859592438,1.2463269233703613,-0.36094000935554504,1.0,0.0,0.0,0.0,1.0,0.0,1.0,1.0,1.0,1.0,1.0,1.0,0.0,0.0,0.0,0.0,1.0,0.0,0.0,3.2289490263792686e-06,2.500552468,6.071340257999999,3.5707877899999994,4.111291408538818,-0.5405035018920898
48,0.5759817957878113,0.5965821743011475,-0.3608979880809784,1.2030110359191895,-0.3791203796863556,-0.6921712160110474,0.0,0.0,0.0,0.0,1.0,0.0,0.0,1.0,0.0,1.0,1.0,1.0,1.0,0.0,0.0,0.0,0.0,0.0,0.0,0.01741809956729412,0.097361741,7.3455410070000005,7.248179266,4.570594310760498,2.6775851249694824
49,1.332546591758728,0.9963462352752686,-0.733260989189148,0.16170252859592438,-0.1290515810251236,0.6327535510063171,0.0,0.0,0.0,0.0,0.0,1.0,1.0,1.0,0.0,1.0,1.0,1.0,0.0,0.0,0.0,0.0,0.0,0.0,0.0,0.23728889226913452,3.1973124760000005,5.144569927,1.9472574509999996,4.156036376953125,-2.2087788581848145
50,1.419011116027832,0.19681812822818756,-1.4779869318008423,-0.8796060085296631,-0.0665343701839447,-1.5202491283416748,1.0,0.0,0.0,1.0,0.0,0.0,0.0,2.0,0.0,1.0,1.0,0.0,0.0,0.0,0.0,0.0,1.0,0.0,0.0,2.8897933589178137e-05,1.200505221,4.124909934,2.9244047129999995,4.326907157897949,-1.4025025367736816
51,1.073153018951416,1.3961102962493896,-0.733260989189148,-0.8796060085296631,0.6836720705032349,-0.526555597782135,0.0,0.0,0.0,0.0,0.0,1.0,1.0,2.0,0.0,1.0,1.0,1.0,1.0,0.0,0.0,0.0,0.0,0.0,0.0,0.001362293609417975,1.9286608930000002,4.580375943,2.65171505,4.401027202606201,-1.749312162399292
52,0.7272947430610657,1.3961102962493896,-0.3608979880809784,1.2030110359191895,-0.3166031837463379,0.7983691692352295,0.0,0.0,1.0,1.0,0.0,0.0,0.0,1.0,0.0,1.0,0.0,1.0,0.0,0.0,0.0,0.0,0.0,1.0,0.0,0.019099976867437363,3.182114013,5.342470605,2.160356592,3.2092368602752686,-1.0488803386688232
53,1.0515367984771729,1.3961102962493896,-0.733260989189148,1.2030110359191895,-1.1918439865112305,-0.36094000935554504,0.0,0.0,1.0,1.0,0.0,0.0,0.0,1.0,0.0,1.0,0.0,1.0,0.0,0.0,0.0,1.0,0.0,0.0,0.0,0.001248845481313765,2.7830991010000004,4.37637278,1.5932736789999993,4.374876976013184,-2.7816033363342285
54,-1.434319019317627,-1.802002191543579,1.1285539865493774,0.16170252859592438,-1.3168784379959106,-0.029708821326494217,0.0,0.0,0.0,1.0,0.0,0.0,1.0,1.0,0.0,1.0,1.0,1.0,0.0,1.0,0.0,0.0,0.0,0.0,0.0,1.0589883459033445e-05,2.269522862,6.0299167670000005,3.7603939050000004,4.250380516052246,-0.4899866580963135
55,1.0515367984771729,1.7958743572235107,-1.1056239604949951,0.16170252859592438,-0.6291891932487488,0.9639847278594971,1.0,0.0,1.0,1.0,0.0,0.0,0.0,1.0,0.0,1.0,1.0,1.0,0.0,0.0,0.0,0.0,0.0,0.0,1.0,0.05491558089852333,4.164164453,7.055788556,2.8916241030000007,4.030476093292236,-1.1388518810272217
56,-1.7153288125991821,-1.002474069595337,-0.733260989189148,0.16170252859592438,1.1212924718856812,0.9639847278594971,1.0,0.0,1.0,0.0,0.0,1.0,0.0,1.0,1.0,1.0,1.0,1.0,0.0,0.0,0.0,0.0,0.0,0.0,0.0,0.1943436563014984,3.7786491,6.770402193,2.991753093,3.3239240646362305,-0.3321709632873535
57,-1.2830060720443726,-1.402238130569458,1.1285539865493774,0.16170252859592438,0.3085688352584839,-1.1890180110931396,1.0,0.0,1.0,0.0,1.0,0.0,0.0,1.0,0.0,1.0,0.0,1.0,0.0,0.0,0.0,0.0,0.0,1.0,0.0,8.2048154581571e-06,0.287976045,6.029107108,5.741131063,4.394248008728027,1.3468828201293945
58,1.1812336444854736,0.19681812822818756,-1.4779869318008423,0.16170252859592438,0.7461892366409302,0.4671379625797272,0.0,0.0,0.0,0.0,1.0,0.0,0.0,1.0,0.0,1.0,1.0,1.0,0.0,0.0,0.0,0.0,0.0,0.0,0.0,0.0006222714437171817,1.84258309,4.949536909,3.106953819,4.282853603363037,-1.1758997440338135
59,-1.8450255393981934,-1.802002191543579,2.6180057525634766,-0.8796060085296631,0.3710860311985016,-1.8514803647994995,1.0,0.0,0.0,1.0,0.0,0.0,0.0,2.0,0.0,1.0,0.0,1.0,0.0,0.0,1.0,0.0,0.0,0.0,0.0,5.966639946564101e-07,2.097135771,6.547622829,4.450487058,4.510595321655273,-0.060108184814453125
60,0.4246688485145569,0.9963462352752686,0.38382798433303833,1.2030110359191895,-0.1290515810251236,-0.6921712160110474,0.0,1.0,0.0,1.0,0.0,0.0,0.0,1.0,0.0,1.0,1.0,1.0,0.0,1.0,0.0,0.0,0.0,0.0,0.0,6.626968388445675e-05,2.025059078,4.071561585,2.0465025070000005,4.340452671051025,-2.293950080871582
61,1.2893143892288208,0.5965821743011475,0.38382798433303833,-0.8796060085296631,-2.254636526107788,0.6327535510063171,1.0,0.0,0.0,0.0,0.0,1.0,0.0,2.0,0.0,1.0,1.0,1.0,0.0,0.0,0.0,1.0,0.0,0.0,0.0,0.1672363579273224,1.893695214,6.8120015789999995,4.918306364999999,3.342050075531006,1.576256275177002
62,-1.8234094381332397,-2.2017662525177,0.7561909556388855,1.2030110359191895,-1.0668096542358398,1.1296002864837646,1.0,0.0,0.0,0.0,1.0,0.0,1.0,1.0,0.0,1.0,0.0,1.0,0.0,0.0,0.0,1.0,0.0,0.0,0.0,0.3051248788833618,3.949552277,6.1969293389999995,2.2473770619999995,3.7523369789123535,-1.5049598217010498
63,1.2028497457504272,0.9963462352752686,-1.4779869318008423,-0.8796060085296631,-0.1290515810251236,-1.3546335697174072,1.0,0.0,0.0,1.0,0.0,0.0,1.0,2.0,0.0,1.0,1.0,1.0,0.0,0.0,0.0,0.0,1.0,0.0,0.0,2.512863829906564e-06,0.40070872700000004,6.183102761000001,5.782394034000001,4.3532843589782715,1.4291095733642578
64,1.073153018951416,0.5965821743011475,-0.733260989189148,-0.8796060085296631,-0.2540859878063202,0.3015223741531372,1.0,0.0,1.0,0.0,0.0,1.0,0.0,2.0,0.0,1.0,1.0,1.0,0.0,0.0,1.0,0.0,0.0,0.0,0.0,0.07454229146242142,2.039852774,7.260085348,5.220232574,4.295008182525635,0.9252243041992188
65,-0.31027984619140625,-0.20294594764709473,-0.3608979880809784,-0.8796060085296631,-3.00484299659729,-0.526555597782135,1.0,0.0,1.0,1.0,0.0,0.0,1.0,2.0,0.0,1.0,1.0,1.0,0.0,0.0,0.0,0.0,0.0,1.0,0.0,0.01207972876727581,2.171467858,6.071988954,3.900521096,4.107991695404053,-0.20747065544128418
66,1.1163852214813232,0.5965821743011475,-0.3608979880809784,1.2030110359191895,-1.3168784379959106,2.7857563495635986,0.0,0.0,0.0,1.0,0.0,0.0,0.0,1.0,0.0,1.0,0.0,1.0,0.0,1.0,0.0,0.0,0.0,0.0,0.0,2.4970804588519968e-05,7.1867685560000005,8.120956288,0.9341877319999998,0.3818517029285431,0.5523359775543213
67,1.3109304904937744,1.3961102962493896,-1.4779869318008423,2.244319438934326,-0.8792579770088196,-0.029708821326494217,0.0,0.0,0.0,0.0,1.0,0.0,0.0,1.0,0.0,1.0,0.0,1.0,0.0,0.0,0.0,0.0,0.0,0.0,0.0,0.2534636855125427,1.768235605,6.648325536000001,4.8800899310000005,4.073174953460693,0.8069148063659668
68,-1.6288641691207886,-1.402238130569458,1.8732799291610718,2.244319438934326,-3.8175666332244873,0.9639847278594971,0.0,0.0,0.0,0.0,1.0,0.0,1.0,1.0,0.0,1.0,0.0,1.0,0.0,0.0,0.0,0.0,1.0,0.0,0.0,0.0009771292097866535,3.945074883,6.294923718,2.3498488349999995,3.120689630508423,-0.7708408832550049
69,-1.8882578611373901,-1.7043808698654175,2.245642900466919,2.244319438934326,-0.0665343701839447,0.13590677082538605,1.0,1.0,0.0,0.0,0.0,1.0,1.0,1.0,0.0,1.0,1.0,1.0,0.0,0.0,0.0,0.0,0.0,0.0,0.0,0.002125343307852745,3.208106265,5.963812065,2.7557058,3.5849039554595947,-0.8291981220245361
70,1.1812336444854736,0.5965821743011475,-1.1056239604949951,-0.8796060085296631,-0.8792579770088196,-1.1890180110931396,0.0,0.0,0.0,1.0,0.0,0.0,0.0,2.0,0.0,1.0,0.0,1.0,0.0,0.0,0.0,0.0,0.0,1.0,0.0,0.029301609843969345,1.768284886,4.138410813,2.370125927,4.307292938232422,-1.9371669292449951
71,0.2301236093044281,0.5965821743011475,0.38382798433303833,0.16170252859592438,-0.8167408108711243,-1.0234023332595825,0.0,0.0,1.0,1.0,0.0,0.0,1.0,1.0,0.0,1.0,0.0,1.0,0.0,0.0,0.0,0.0,0.0,1.0,0.0,0.10996522009372711,1.036208829,5.566850041,4.530641212000001,4.365298271179199,0.1653428077697754
72,0.057194504886865616,0.19681812822818756,-0.3608979880809784,0.16170252859592438,0.12101723253726959,-1.0234023332595825,1.0,0.0,1.0,1.0,0.0,0.0,0.0,1.0,0.0,1.0,0.0,1.0,0.0,0.0,0.0,0.0,0.0,1.0,0.0,9.780946129467338e-05,3.25830846,6.179533967999999,2.9212255079999996,4.358722686767578,-1.4374971389770508
73,1.15961754322052,0.9963462352752686,-0.3608979880809784,1.2030110359191895,-0.5666719675064087,-0.526555597782135,1.0,0.0,0.0,1.0,0.0,0.0,0.0,1.0,0.0,1.0,0.0,1.0,0.0,0.0,0.0,1.0,0.0,0.0,0.0,0.0015032356604933739,0.9300579729999999,7.103207455,6.1731494819999995,4.370020389556885,1.8031291961669922
74,0.3165881633758545,0.19681812822818756,-0.733260989189148,2.244319438934326,0.6836720705032349,0.6327535510063171,0.0,0.0,0.0,0.0,1.0,0.0,1.0,1.0,1.0,0.0,0.0,1.0,0.0,0.0,0.0,0.0,0.0,0.0,1.0,0.0002764007658697665,5.679426224,8.067399822,2.3879735980000003,2.474470376968384,-0.08649682998657227
75,1.1812336444854736,1.3961102962493896,-0.733260989189148,0.16170252859592438,0.6211548447608948,0.13590677082538605,0.0,0.0,0.0,0.0,1.0,0.0,0.0,1.0,1.0,1.0,1.0,1.0,0.0,0.0,0.0,0.0,1.0,0.0,0.0,5.744270765717374e-07,3.876275363,6.695524626,2.819249263,3.8734142780303955,-1.0541651248931885
76,-1.1533092260360718,-1.402238130569458,1.1285539865493774,0.16170252859592438,0.3710860311985016,0.6327535510063171,1.0,0.0,0.0,0.0,1.0,0.0,1.0,1.0,0.0,1.0,0.0,1.0,0.0,1.0,0.0,0.0,0.0,0.0,0.0,0.003937048837542534,1.174244978,6.515582009,5.341337031,4.218504905700684,1.1228322982788086
77,0.2301236093044281,0.5965821743011475,-0.733260989189148,-0.8796060085296631,-0.2540859878063202,-0.029708821326494217,0.0,0.0,1.0,0.0,0.0,1.0,0.0,2.0,1.0,1.0,1.0,1.0,0.0,0.0,0.0,0.0,1.0,0.0,0.0,3.0718724701728206e-06,2.009034235,5.932198669,3.923164434,4.323646068572998,-0.4004817008972168
78,0.7705270648002625,0.9963462352752686,-0.3608979880809784,0.16170252859592438,1.1838096380233765,-0.029708821326494217,1.0,0.0,1.0,0.0,1.0,0.0,0.0,1.0,0.0,1.0,1.0,1.0,1.0,0.0,0.0,0.0,0.0,0.0,0.0,0.2008325457572937,2.054759716,6.773372509,4.718612793,4.367003440856934,0.3516092300415039
79,-1.931490182876587,-2.2017662525177,2.245642900466919,1.2030110359191895,-0.2540859878063202,-0.029708821326494217,0.0,0.0,1.0,0.0,1.0,0.0,0.0,1.0,0.0,1.0,0.0,1.0,0.0,0.0,0.0,0.0,0.0,1.0,0.0,1.8764700143947266e-05,0.502374578,6.639811101,6.137436523,4.165099143981934,1.972337245941162
80,0.1652752012014389,0.19681812822818756,0.38382798433303833,-0.8796060085296631,0.058500032871961594,-0.029708821326494217,0.0,0.0,1.0,0.0,0.0,1.0,0.0,2.0,0.0,1.0,1.0,1.0,0.0,0.0,1.0,0.0,0.0,0.0,0.0,0.003360761795192957,2.172267735,6.720727912999999,4.548460177999999,4.401364803314209,0.1470952033996582
81,-0.5048250555992126,0.19681812822818756,-0.3608979880809784,2.244319438934326,-0.2540859878063202,-0.36094000935554504,0.0,1.0,0.0,1.0,0.0,0.0,1.0,1.0,1.0,1.0,1.0,1.0,1.0,0.0,0.0,0.0,0.0,0.0,0.0,0.0019216375658288598,1.9342788290000001,7.192528141,5.258249312,4.128928184509277,1.1293210983276367
82,0.3814365565776825,-0.20294594764709473,-1.1056239604949951,-0.8796060085296631,-0.3791203796863556,-1.1890180110931396,0.0,0.0,0.0,0.0,1.0,0.0,1.0,2.0,0.0,1.0,1.0,1.0,0.0,0.0,0.0,0.0,1.0,0.0,0.0,2.878776058423682e-06,2.704396521,5.05703045,2.352633929,4.383993625640869,-2.0313596725463867
83,-1.8536720275878906,-2.2017662525177,1.5009169578552246,0.16170252859592438,-0.1290515810251236,-1.0234023332595825,1.0,0.0,0.0,1.0,0.0,0.0,0.0,1.0,0.0,1.0,0.0,1.0,0.0,0.0,0.0,0.0,1.0,0.0,0.0,2.2800850985049692e-08,2.244050139,5.269700798,3.0256506589999996,4.4770708084106445,-1.4514200687408447
84,-1.7801772356033325,-1.802002191543579,1.8732799291610718,-0.8796060085296631,0.6211548447608948,-0.526555597782135,1.0,0.0,0.0,0.0,1.0,0.0,0.0,2.0,0.0,1.0,1.0,1.0,0.0,0.0,0.0,1.0,0.0,0.0,0.0,0.0003474936820566654,2.011223722,7.41732078,5.406097058,4.458651065826416,0.9474458694458008
85,-2.255732297897339,-2.6015303134918213,2.245642900466919,-0.8796060085296631,-0.8167408108711243,-0.36094000935554504,0.0,0.0,1.0,0.0,1.0,0.0,1.0,2.0,0.0,1.0,1.0,1.0,0.0,0.0,0.0,0.0,0.0,0.0,0.0,0.5902129411697388,-0.29907844699999997,7.928136656,8.227215103,4.310683250427246,3.916531562805176
86,0.9650722742080688,0.19681812822818756,-0.3608979880809784,-0.8796060085296631,0.8712236881256104,-1.685864806175232,0.0,0.0,0.0,1.0,0.0,0.0,0.0,2.0,0.0,1.0,0.0,1.0,1.0,0.0,0.0,0.0,0.0,0.0,0.0,0.5981569290161133,0.8868565190000001,3.2543750780000003,2.367518559,4.401369094848633,-2.0338504314422607
87,-2.3205807209014893,-3.0012943744659424,1.8732799291610718,-0.8796060085296631,-0.0665343701839447,-0.526555597782135,1.0,0.0,1.0,0.0,0.0,1.0,0.0,2.0,0.0,1.0,1.0,1.0,1.0,0.0,0.0,0.0,0.0,0.0,0.0,0.0011021274840459228,-0.029618395,6.94905175,6.978670145,4.532978057861328,2.4456920623779297
88,1.1380014419555664,1.3961102962493896,-1.4779869318008423,-0.8796060085296631,0.7461892366409302,-1.5202491283416748,0.0,0.0,0.0,1.0,0.0,0.0,1.0,2.0,0.0,1.0,1.0,1.0,0.0,0.0,1.0,0.0,0.0,0.0,0.0,0.25019845366477966,0.638345933,5.483835758,4.845489825,4.711817264556885,0.13367271423339844
89,-0.6561380624771118,-1.002474069595337,-0.3608979880809784,0.16170252859592438,0.2460516393184662,-0.8577867746353149,1.0,0.0,0.0,0.0,1.0,0.0,0.0,1.0,1.0,1.0,0.0,1.0,0.0,0.0,0.0,0.0,1.0,0.0,0.0,1.6060732832556823e-06,1.6233051980000002,5.705247982,4.081942784000001,4.116183757781982,-0.0342411994934082
90,1.073153018951416,0.19681812822818756,-0.733260989189148,-0.8796060085296631,-0.1290515810251236,-1.0234023332595825,0.0,0.0,0.0,1.0,0.0,0.0,1.0,2.0,0.0,1.0,0.0,1.0,0.0,1.0,0.0,0.0,0.0,0.0,0.0,0.000715976522769779,2.730490645,6.811552419,4.081061774,4.376232147216797,-0.29517030715942383
91,1.15961754322052,0.5965821743011475,-0.733260989189148,1.2030110359191895,0.3085688352584839,-0.6921712160110474,1.0,0.0,1.0,0.0,1.0,0.0,0.0,1.0,0.0,1.0,0.0,1.0,0.0,0.0,0.0,0.0,0.0,1.0,0.0,0.02281557396054268,-0.16839529,5.631014156,5.799409446,4.268547058105469,1.5308623313903809
92,0.7705270648002625,0.19681812822818756,-1.4779869318008423,-0.8796060085296631,1.3088440895080566,-1.1890180110931396,1.0,0.0,0.0,1.0,0.0,0.0,1.0,2.0,1.0,1.0,0.0,0.0,0.0,0.0,0.0,0.0,1.0,0.0,0.0,1.0672997632354964e-06,1.811734744,7.569970665,5.758235921,4.291090965270996,1.4671449661254883
93,1.246082067489624,0.19681812822818756,-0.733260989189148,0.16170252859592438,0.3085688352584839,1.1296002864837646,1.0,0.0,0.0,0.0,1.0,0.0,0.0,1.0,0.0,1.0,0.0,1.0,0.0,0.0,0.0,0.0,0.0,0.0,0.0,0.008189722895622253,2.475986759,8.168669466,5.692682707000001,3.715891122817993,1.9767916202545166
94,-1.0019962787628174,-0.6027100086212158,1.1285539865493774,-0.8796060085296631,-0.1915687769651413,-1.1890180110931396,1.0,0.0,0.0,0.0,1.0,0.0,1.0,2.0,0.0,1.0,0.0,1.0,0.0,0.0,0.0,0.0,0.0,0.0,0.0,0.016571274027228355,2.519957696,4.868596636,2.3486389400000003,4.355477809906006,-2.006838798522949
95,0.3382042944431305,0.9963462352752686,-0.733260989189148,-0.8796060085296631,0.3085688352584839,0.7983691692352295,0.0,0.0,1.0,0.0,0.0,0.0,0.0,2.0,0.0,1.0,1.0,1.0,0.0,0.0,0.0,0.0,0.0,0.0,1.0,0.16020673513412476,1.9260754219999998,7.483696665,5.557621243,4.210605621337891,1.3470158576965332
96,-0.13735073804855347,0.19681812822818756,0.011464990675449371,-0.8796060085296631,1.6839473247528076,-1.1890180110931396,0.0,0.0,0.0,0.0,1.0,0.0,0.0,2.0,0.0,1.0,1.0,1.0,0.0,0.0,0.0,1.0,0.0,0.0,0.0,0.0002079586120089516,3.76434961,5.928482025,2.164132415,4.450496196746826,-2.2863638401031494
97,-0.11573459208011627,0.19681812822818756,-0.3608979880809784,-0.8796060085296631,1.2463269233703613,-1.5202491283416748,1.0,0.0,0.0,1.0,0.0,0.0,0.0,2.0,0.0,1.0,0.0,1.0,1.0,0.0,0.0,0.0,0.0,0.0,0.0,0.0002555555256549269,2.227256744,5.813700504,3.58644376,4.395538330078125,-0.8090946674346924
98,0.8353754281997681,0.19681812822818756,-0.733260989189148,-0.8796060085296631,-0.004017170052975416,-1.3546335697174072,0.0,0.0,0.0,1.0,0.0,0.0,0.0,2.0,0.0,1.0,0.0,1.0,0.0,0.0,0.0,0.0,1.0,0.0,0.0,7.831711263861507e-05,1.400111695,6.1533867739999994,4.753275079,4.343242645263672,0.4100322723388672
99,0.2949720323085785,-0.20294594764709473,-0.3608979880809784,-0.8796060085296631,-0.1290515810251236,-0.19532442092895508,1.0,0.0,1.0,0.0,0.0,1.0,0.0,2.0,0.0,1.0,0.0,1.0,0.0,0.0,0.0,0.0,0.0,0.0,1.0,0.9435924887657166,0.084559409,5.821311303,5.736751894,4.540359020233154,1.1963930130004883
100,-0.7426025867462158,-0.6027100086212158,0.7561909556388855,0.16170252859592438,-0.7542235851287842,0.4671379625797272,1.0,0.0,1.0,0.0,1.0,0.0,0.0,1.0,0.0,1.0,0.0,1.0,0.0,0.0,1.0,0.0,0.0,0.0,0.0,0.13531209528446198,2.282722024,6.173508426000001,3.8907864020000007,4.610311508178711,-0.7195250988006592
101,0.3165881633758545,0.5965821743011475,-0.733260989189148,0.16170252859592438,0.2460516393184662,-1.0234023332595825,0.0,0.0,0.0,0.0,1.0,0.0,0.0,1.0,0.0,1.0,1.0,1.0,1.0,0.0,0.0,0.0,0.0,0.0,0.0,5.92605683777947e-05,0.392984471,5.288076115,4.895091644,4.549030303955078,0.34606122970581055
102,-0.8506832718849182,-0.20294594764709473,-0.3608979880809784,-0.8796060085296631,2.0590505599975586,-1.0234023332595825,0.0,0.0,1.0,0.0,0.0,1.0,0.0,2.0,0.0,1.0,1.0,1.0,0.0,0.0,0.0,0.0,0.0,0.0,0.0,0.08966658264398575,1.1702849929999999,4.361825795,3.1915408019999996,4.428921222686768,-1.2373805046081543
103,0.5759817957878113,0.9963462352752686,-0.3608979880809784,-0.8796060085296631,0.5586376786231995,0.4671379625797272,0.0,0.0,1.0,0.0,0.0,0.0,0.0,2.0,0.0,1.0,1.0,1.0,0.0,0.0,0.0,0.0,0.0,0.0,0.0,0.32011234760284424,3.552016775,6.448697629,2.896680854,3.9903712272644043,-1.0936903953552246
104,0.022608686238527298,0.19681812822818756,0.011464990675449371,0.16170252859592438,-0.0665343701839447,1.626447081565857,0.0,0.0,0.0,0.0,0.0,1.0,1.0,1.0,0.0,1.0,1.0,1.0,1.0,0.0,0.0,0.0,0.0,0.0,0.0,0.06201285123825073,3.982110605,8.392771534,4.410660929,2.51342511177063,1.897235631942749
105,-0.9155316948890686,-1.002474069595337,1.1285539865493774,-0.8796060085296631,-1.1918439865112305,-0.36094000935554504,0.0,0.0,0.0,0.0,0.0,1.0,0.0,2.0,0.0,1.0,1.0,1.0,0.0,1.0,0.0,0.0,0.0,0.0,0.0,1.4887225916027091e-05,1.8204933269999999,6.662912559,4.842419231999999,4.274477481842041,0.5679416656494141
106,-1.0452284812927246,-0.6027100086212158,0.011464990675449371,0.16170252859592438,0.6836720705032349,-0.36094000935554504,1.0,0.0,0.0,0.0,0.0,1.0,1.0,1.0,0.0,1.0,1.0,1.0,1.0,0.0,0.0,0.0,0.0,0.0,0.0,0.23005430400371552,1.963538136,6.20258152,4.239043384,4.2276201248168945,0.011423110961914062
107,0.4895172715187073,0.9963462352752686,-0.733260989189148,0.16170252859592438,1.3088440895080566,-0.029708821326494217,0.0,0.0,1.0,0.0,1.0,0.0,1.0,1.0,0.0,1.0,0.0,1.0,0.0,0.0,1.0,0.0,0.0,0.0,0.0,0.6286646127700806,2.5323343240000002,5.087648359,2.555314035,4.313131809234619,-1.7578177452087402
108,0.7272947430610657,0.9963462352752686,-0.733260989189148,-0.8796060085296631,-0.5666719675064087,-0.8577867746353149,1.0,0.0,1.0,1.0,0.0,0.0,0.0,2.0,0.0,1.0,0.0,1.0,0.0,0.0,1.0,0.0,0.0,0.0,0.0,0.1472659558057785,1.946579453,5.354538546000001,3.4079590930000005,4.3211445808410645,-0.9131855964660645
109,-0.569673478603363,-0.20294594764709473,0.38382798433303833,0.16170252859592438,0.2460516393184662,0.6327535510063171,1.0,0.0,0.0,1.0,0.0,0.0,1.0,1.0,1.0,1.0,1.0,1.0,0.0,0.0,0.0,1.0,0.0,0.0,0.0,0.0002588426577858627,3.185634705,7.561120159,4.375485454,3.9694697856903076,0.40601563453674316
110,0.7056786417961121,0.9963462352752686,-1.1056239604949951,-0.8796060085296631,1.5589128732681274,-1.3546335697174072,1.0,0.0,0.0,1.0,0.0,0.0,0.0,2.0,0.0,1.0,0.0,1.0,0.0,1.0,0.0,0.0,0.0,0.0,0.0,0.05363893508911133,0.43495591200000006,6.243417753999999,5.808461841999999,4.346354961395264,1.462106704711914
111,0.2841639518737793,-0.20294594764709473,0.7561909556388855,2.244319438934326,0.5586376786231995,0.13590677082538605,1.0,0.0,0.0,1.0,0.0,0.0,1.0,1.0,0.0,1.0,0.0,1.0,0.0,1.0,0.0,0.0,0.0,0.0,0.0,0.006975837983191013,2.179498104,5.296093504,3.1165954,3.6268162727355957,-0.5102207660675049
112,0.8569915890693665,0.9963462352752686,0.011464990675449371,2.244319438934326,0.6836720705032349,-0.36094000935554504,1.0,0.0,0.0,1.0,0.0,0.0,0.0,1.0,0.0,1.0,0.0,1.0,0.0,0.0,0.0,1.0,0.0,0.0,0.0,5.799026257591322e-05,1.5198941769999998,6.630130631,5.110236454000001,4.251543998718262,0.8586926460266113
113,-1.2181576490402222,-1.002474069595337,1.1285539865493774,1.2030110359191895,0.058500032871961594,-0.526555597782135,1.0,0.0,1.0,1.0,0.0,0.0,1.0,1.0,0.0,1.0,0.0,1.0,1.0,0.0,0.0,0.0,0.0,0.0,0.0,0.00015551928663626313,3.099736505,5.7030203120000005,2.6032838070000004,4.108312129974365,-1.505028247833252
114,0.8137593269348145,0.5965821743011475,-0.733260989189148,0.16170252859592438,-0.7542235851287842,0.13590677082538605,1.0,0.0,0.0,0.0,0.0,1.0,1.0,1.0,0.0,1.0,1.0,1.0,0.0,0.0,0.0,0.0,1.0,0.0,0.0,0.000396967661799863,1.2055009490000002,7.42454888,6.2190479309999995,4.132162094116211,2.086885929107666
115,-2.0828030109405518,-2.2017662525177,1.5009169578552246,1.2030110359191895,0.2460516393184662,0.13590677082538605,1.0,0.0,0.0,0.0,1.0,0.0,0.0,1.0,0.0,1.0,1.0,1.0,0.0,0.0,0.0,1.0,0.0,0.0,0.0,0.04224856570363045,2.088063119,7.389009627,5.300946508,4.329169273376465,0.9717774391174316
116,-0.8939155340194702,-0.6027100086212158,-0.3608979880809784,-0.8796060085296631,0.9962580800056458,0.13590677082538605,1.0,0.0,1.0,0.0,1.0,0.0,1.0,2.0,1.0,1.0,1.0,1.0,0.0,0.0,0.0,0.0,0.0,0.0,1.0,0.005185642745345831,2.639635783,6.450962217000001,3.8113264340000006,4.298771858215332,-0.4874453544616699
117,-0.11573459208011627,-0.20294594764709473,-0.733260989189148,0.16170252859592438,-0.004017170052975416,-1.3546335697174072,1.0,1.0,0.0,1.0,0.0,0.0,0.0,1.0,0.0,1.0,0.0,1.0,1.0,0.0,0.0,0.0,0.0,0.0,0.0,4.886867088771396e-08,0.260138702,4.944882101,4.684743399,4.439011573791504,0.24573183059692383
118,-0.5048250555992126,-0.3782636523246765,-0.3608979880809784,1.2030110359191895,0.3710860311985016,-0.029708821326494217,1.0,0.0,0.0,0.0,1.0,0.0,0.0,1.0,0.0,1.0,0.0,1.0,0.0,0.0,0.0,0.0,1.0,0.0,0.0,5.148542641109088e-07,1.9029063609999999,6.265911489,4.363005127999999,4.276178359985352,0.08682680130004883
119,0.9650722742080688,1.7958743572235107,-0.3608979880809784,-0.8796060085296631,-0.5041548013687134,0.7983691692352295,0.0,0.0,1.0,0.0,0.0,0.0,0.0,2.0,0.0,1.0,1.0,1.0,0.0,0.0,1.0,0.0,0.0,0.0,0.0,0.005509926937520504,2.937389145,6.199526808,3.262137663,3.350247859954834,-0.08811020851135254
120,0.4030527174472809,0.19681812822818756,0.011464990675449371,-0.8796060085296631,1.746464490890503,-1.3546335697174072,0.0,0.0,0.0,1.0,0.0,0.0,1.0,2.0,0.0,1.0,1.0,1.0,1.0,0.0,0.0,0.0,0.0,0.0,0.0,0.7661255598068237,1.522918432,5.02260437,3.499685938,4.429267883300781,-0.929581880569458
121,0.2085074633359909,0.19681812822818756,0.38382798433303833,1.2030110359191895,-0.6917064189910889,0.3015223741531372,1.0,0.0,0.0,0.0,1.0,0.0,1.0,1.0,0.0,1.0,0.0,1.0,0.0,0.0,0.0,0.0,0.0,0.0,1.0,0.003027817700058222,2.447230428,6.4642029370000005,4.016972509,4.244083404541016,-0.2271108627319336
122,1.4622434377670288,0.9963462352752686,-0.3608979880809784,-0.8796060085296631,0.2460516393184662,-0.36094000935554504,1.0,0.0,1.0,0.0,0.0,1.0,1.0,2.0,0.0,1.0,1.0,1.0,0.0,0.0,0.0,0.0,0.0,0.0,0.0,0.1437128186225891,1.9101241919999998,7.841319588999999,5.931195397,4.448765277862549,1.4824299812316895
123,-0.14815880358219147,0.19681812822818756,0.38382798433303833,1.2030110359191895,0.9962580800056458,0.6327535510063171,1.0,0.0,1.0,1.0,0.0,0.0,1.0,1.0,1.0,1.0,0.0,1.0,0.0,1.0,0.0,0.0,0.0,0.0,0.0,0.3351686894893646,4.988575376,7.1093290289999995,2.1207536529999995,2.601114273071289,-0.4803605079650879
124,0.9434561729431152,0.9963462352752686,-1.4779869318008423,1.2030110359191895,0.9962580800056458,0.4671379625797272,1.0,0.0,0.0,0.0,1.0,0.0,1.0,1.0,1.0,0.0,1.0,1.0,0.0,0.0,0.0,0.0,0.0,0.0,1.0,0.0002081111742882058,2.7292085489999995,9.494496691,6.765288142000001,3.288140296936035,3.4771480560302734
125,0.2733558714389801,0.5965821743011475,-0.3608979880809784,-0.8796060085296631,0.2460516393184662,-1.0234023332595825,1.0,0.0,0.0,1.0,0.0,0.0,1.0,2.0,1.0,1.0,0.0,0.0,0.0,0.0,0.0,0.0,0.0,1.0,0.0,0.6866536140441895,0.371460478,7.7745259970000005,7.403065519,4.215468883514404,3.1875967979431152
126,-0.7858348488807678,-0.20294594764709473,0.7561909556388855,0.16170252859592438,0.6211548447608948,1.2952159643173218,0.0,0.0,0.0,0.0,0.0,0.0,1.0,1.0,1.0,0.0,0.0,1.0,0.0,1.0,0.0,0.0,0.0,0.0,0.0,0.0004120542434975505,6.196468349,5.867851226,-0.3286171229999999,0.9481043815612793,-1.276721477508545
127,-0.526441216468811,0.19681812822818756,0.38382798433303833,0.16170252859592438,0.5586376786231995,0.6327535510063171,0.0,1.0,1.0,0.0,1.0,0.0,1.0,1.0,0.0,1.0,1.0,1.0,0.0,1.0,0.0,0.0,0.0,0.0,0.0,0.4199812710285187,2.593266102,6.389203655,3.7959375530000004,3.7274863719940186,0.0684511661529541
128,-0.09411845356225967,0.19681812822818756,-0.3608979880809784,-0.8796060085296631,0.6211548447608948,0.4671379625797272,1.0,0.0,1.0,1.0,0.0,0.0,0.0,2.0,0.0,1.0,1.0,1.0,0.0,0.0,0.0,1.0,0.0,0.0,0.0,0.5502203106880188,3.135265885,7.176664822999999,4.0413989379999995,4.489444255828857,-0.4480452537536621
129,-0.6993703246116638,0.19681812822818756,0.7561909556388855,-0.8796060085296631,1.1838096380233765,-1.1890180110931396,1.0,0.0,0.0,1.0,0.0,0.0,0.0,2.0,0.0,1.0,0.0,1.0,0.0,1.0,0.0,0.0,0.0,0.0,0.0,0.00017593101074453443,1.787881052,6.542804916000001,4.754923864,4.381871700286865,0.37305212020874023
130,-1.9531062841415405,-2.6015303134918213,2.6180057525634766,2.244319438934326,-0.9417752027511597,1.626447081565857,1.0,1.0,0.0,1.0,0.0,0.0,0.0,1.0,0.0,1.0,1.0,1.0,0.0,0.0,0.0,1.0,0.0,0.0,0.0,0.010760273784399033,4.045063006,6.5490728339999995,2.504009827999999,3.1077373027801514,-0.6037275791168213
131,-0.8506832718849182,-0.6027100086212158,0.7561909556388855,-0.8796060085296631,-0.3791203796863556,0.4671379625797272,0.0,0.0,1.0,0.0,0.0,0.0,0.0,2.0,0.0,1.0,1.0,1.0,0.0,0.0,0.0,0.0,0.0,0.0,0.0,0.9781278967857361,3.036808435,5.098941527,2.062133092,4.170844078063965,-2.108711004257202
132,-0.007653906941413879,-0.6027100086212158,0.38382798433303833,-0.8796060085296631,-0.4416375756263733,-0.36094000935554504,1.0,0.0,1.0,0.0,0.0,1.0,1.0,2.0,0.0,1.0,1.0,1.0,0.0,0.0,0.0,0.0,0.0,1.0,0.0,0.03991963714361191,0.924095841,5.882521914,4.958426073,4.3315534591674805,0.6268725395202637
133,-0.9371477961540222,-0.20294594764709473,0.011464990675449371,2.244319438934326,0.6836720705032349,1.1296002864837646,0.0,0.0,1.0,0.0,0.0,0.0,0.0,1.0,0.0,1.0,1.0,1.0,0.0,1.0,0.0,0.0,0.0,0.0,0.0,0.004351487383246422,2.923598563,9.959095785,7.035497222,2.0862534046173096,4.949243545532227
134,1.073153018951416,0.19681812822818756,-0.3608979880809784,-0.8796060085296631,-0.6291891932487488,0.7983691692352295,0.0,0.0,1.0,0.0,0.0,1.0,0.0,2.0,0.0,1.0,1.0,1.0,0.0,0.0,0.0,0.0,0.0,0.0,1.0,0.5677224397659302,3.573685474,6.162615456,2.5889299820000002,4.438604831695557,-1.849674940109253
135,0.24309328198432922,0.5965821743011475,0.011464990675449371,-0.8796060085296631,1.0587753057479858,-1.0234023332595825,1.0,0.0,1.0,0.0,0.0,1.0,0.0,2.0,0.0,1.0,0.0,1.0,0.0,0.0,0.0,1.0,0.0,0.0,0.0,0.4499765932559967,0.629035882,6.925899945,6.296864063,4.440135478973389,1.8567285537719727
136,0.1652752012014389,0.19681812822818756,0.011464990675449371,2.244319438934326,0.4336032569408417,-0.6921712160110474,1.0,0.0,0.0,0.0,1.0,0.0,0.0,1.0,0.0,1.0,0.0,1.0,0.0,0.0,0.0,1.0,0.0,0.0,0.0,2.4984403353300877e-05,1.930986954,5.646035138999999,3.7150481849999997,4.124996662139893,-0.40994858741760254
137,-0.24543142318725586,0.5965821743011475,-0.3608979880809784,0.16170252859592438,0.5586376786231995,0.9639847278594971,1.0,0.0,1.0,0.0,0.0,0.0,0.0,1.0,1.0,1.0,1.0,1.0,0.0,0.0,0.0,0.0,1.0,0.0,0.0,0.0008659340091980994,5.548916137000001,6.750278268,1.201362130999999,3.1761889457702637,-1.9748268127441406
138,0.4246688485145569,0.9963462352752686,0.011464990675449371,0.16170252859592438,-0.8792579770088196,-0.526555597782135,0.0,0.0,0.0,1.0,0.0,0.0,0.0,1.0,0.0,1.0,0.0,1.0,0.0,1.0,0.0,0.0,0.0,0.0,0.0,3.5229564673500136e-05,2.039999995,5.357025661000001,3.3170256660000006,4.229409694671631,-0.912384033203125
139,-0.41836053133010864,-0.6027100086212158,0.011464990675449371,1.2030110359191895,-0.4416375756263733,-0.6921712160110474,0.0,0.0,1.0,0.0,1.0,0.0,0.0,1.0,0.0,1.0,0.0,1.0,0.0,0.0,0.0,0.0,0.0,1.0,0.0,5.252199116512202e-06,1.480014982,6.200937119,4.720922137,4.42575740814209,0.2951645851135254
140,0.6321837902069092,0.9963462352752686,-0.3608979880809784,0.16170252859592438,-0.0665343701839447,-0.6921712160110474,1.0,0.0,0.0,0.0,0.0,1.0,1.0,1.0,0.0,1.0,1.0,1.0,0.0,0.0,0.0,0.0,0.0,1.0,0.0,0.0021826387383043766,0.601225887,5.655027117,5.05380123,4.178131580352783,0.8756694793701172
141,0.6624463796615601,0.5965821743011475,-0.3608979880809784,-0.8796060085296631,-0.5666719675064087,0.3015223741531372,0.0,0.0,1.0,0.0,0.0,0.0,0.0,2.0,1.0,1.0,1.0,1.0,0.0,0.0,1.0,0.0,0.0,0.0,0.0,0.5919750332832336,2.306088699,6.792902947000001,4.486814248000001,3.8307831287384033,0.6560308933258057
142,0.4246688485145569,0.9963462352752686,-0.733260989189148,-0.8796060085296631,0.5586376786231995,-0.8577867746353149,1.0,0.0,1.0,0.0,1.0,0.0,0.0,2.0,0.0,1.0,1.0,1.0,0.0,1.0,0.0,0.0,0.0,0.0,0.0,0.0005502653657458723,0.49974080600000004,6.385830267,5.886089461,4.379600524902344,1.5064888000488281
143,0.3165881633758545,0.19681812822818756,-0.3608979880809784,1.2030110359191895,0.12101723253726959,0.6327535510063171,1.0,1.0,0.0,0.0,1.0,0.0,0.0,1.0,0.0,1.0,1.0,1.0,1.0,0.0,0.0,0.0,0.0,0.0,0.0,0.006805358454585075,3.06751922,6.594319989,3.526800769,4.049859046936035,-0.5230581760406494
144,0.8569915890693665,0.9963462352752686,-0.3608979880809784,2.244319438934326,-0.6291891932487488,-0.526555597782135,1.0,0.0,0.0,1.0,0.0,0.0,0.0,1.0,0.0,1.0,0.0,1.0,0.0,0.0,0.0,1.0,0.0,0.0,0.0,0.0003681716916617006,1.158304746,8.089740088,6.9314353419999994,4.270798206329346,2.6606369018554688
145,0.2301236093044281,0.9963462352752686,0.011464990675449371,0.16170252859592438,-3.6925320625305176,1.2952159643173218,0.0,1.0,1.0,0.0,0.0,0.0,0.0,1.0,0.0,1.0,1.0,1.0,0.0,0.0,0.0,0.0,0.0,0.0,0.0,0.6280249953269958,3.511036813,8.070801364,4.559764550999999,2.528151035308838,2.031613349914551
146,0.5543656945228577,0.19681812822818756,-0.3608979880809784,-0.8796060085296631,-0.6917064189910889,-1.0234023332595825,1.0,0.0,0.0,1.0,0.0,0.0,0.0,2.0,0.0,1.0,0.0,1.0,0.0,0.0,0.0,0.0,0.0,1.0,0.0,0.023139849305152893,1.3126241029999999,4.453708253,3.14108415,4.036720275878906,-0.8956360816955566
147,-0.6561380624771118,-0.20294594764709473,0.011464990675449371,-0.8796060085296631,-0.5666719675064087,-1.1890180110931396,0.0,0.0,1.0,0.0,1.0,0.0,0.0,2.0,0.0,1.0,1.0,1.0,0.0,0.0,0.0,0.0,0.0,0.0,1.0,0.5503658056259155,1.455361161,6.316084388999999,4.8607232279999995,4.46050500869751,0.40021800994873047
148,0.8137593269348145,0.6019941568374634,-1.1056239604949951,-0.8796060085296631,0.4336032569408417,0.6327535510063171,0.0,0.0,1.0,0.0,0.0,1.0,0.0,2.0,0.0,1.0,0.0,1.0,0.0,0.0,0.0,0.0,0.0,0.0,0.0,0.8903184533119202,1.49566124,6.219146227,4.723484987000001,4.42217493057251,0.30131006240844727
149,0.7056786417961121,0.5965821743011475,-1.1056239604949951,0.16170252859592438,1.371361255645752,-0.526555597782135,0.0,1.0,0.0,0.0,0.0,1.0,1.0,1.0,0.0,1.0,1.0,1.0,0.0,0.0,0.0,0.0,0.0,0.0,0.0,1.188616579383961e-06,2.8080525769999998,5.1293767169999995,2.3213241399999998,4.436518669128418,-2.11519455909729
